/	0	59	67	69	72	43	73	48	59	41	58	56	53	55	41	70	53	73	57	47	44	53	65	67	56	77	67	71	77	81	82	95	81	62	79	106	104	102	99	107	120	101	128	116	103	149	126	127	140	142	218	215	207	221	150	209	222	217	189	188	206	157	202	171	188	214	193	153	152	176	171	171	139	116	94	0	
=	5902	7531	8813	8902	7566	7069	7275	8512	8292	7423	6968	7344	7660	7790	7770	7640	7877	8116	8245	8464	7984	8639	8982	9314	9350	8655	9421	9091	9216	9552	9197	9534	10019	10109	10188	10057	10844	11393	11097	11558	11231	11384	11670	12721	12127	11916	12835	14200	14550	14187	14052	14469	16227	16838	15032	14845	15519	16293	16961	16503	16192	16941	17459	18116	18323	18118	19343	19355	19205	19811	20142	20029	20121	20252	20354	27768	
7	146	270	268	286	283	229	269	224	243	259	248	271	269	278	332	278	263	294	298	287	292	348	320	360	344	334	349	384	369	359	371	372	343	353	345	416	421	417	396	469	466	431	467	521	505	503	554	591	572	577	690	711	774	743	621	657	677	805	760	755	656	726	673	773	766	703	718	635	687	683	732	688	701	694	736	725	
,	38	131	209	295	244	283	317	378	291	210	324	307	268	293	264	352	281	290	317	289	352	324	395	421	376	473	425	473	439	485	579	493	558	545	566	613	730	759	637	688	845	732	750	859	791	874	924	1070	1174	1074	1243	1153	1642	1617	1132	1244	1226	1303	1365	1229	1224	1206	1301	1429	1346	1308	1504	1361	1370	1317	1270	1310	1299	1271	823	0	
2	0	107	156	155	209	183	159	169	164	142	202	209	179	176	163	221	204	176	162	182	246	197	187	182	204	252	231	236	210	223	299	240	250	208	211	385	315	279	290	272	420	322	328	336	318	434	374	396	381	384	530	498	585	513	419	550	557	525	507	469	537	456	474	468	502	588	477	456	455	501	533	489	442	436	453	744	
E	50073	49068	48585	48324	49648	49264	50866	49736	50386	52401	51421	52903	53942	54383	54145	52237	53652	54340	54885	55282	54080	54926	55641	56066	56674	57011	58497	61242	62578	64074	63749	64921	65948	65363	65939	67998	69370	69738	69327	73135	72642	71939	73893	75705	75867	74677	75193	77436	78686	78936	80788	84493	86891	85096	82680	84933	86756	88000	86509	86609	86416	86935	88006	88749	87481	87314	86206	84719	85171	85750	85670	84437	83626	82931	82068	67815	
1	0	74	93	119	123	114	114	117	90	105	120	109	101	88	101	111	100	104	103	103	106	120	132	136	145	156	178	148	150	156	204	181	163	154	159	257	228	174	172	209	276	233	223	242	219	315	247	269	258	256	417	360	395	379	271	380	356	330	352	323	357	329	316	316	313	360	317	288	271	299	299	245	235	233	247	500	
<	161	474	402	424	359	319	406	482	430	417	355	391	409	423	456	394	420	469	441	485	423	445	467	543	507	478	503	576	611	605	482	539	573	551	558	591	683	711	666	708	643	720	829	908	957	787	902	1047	1011	1086	1113	1307	1302	1415	1234	1235	1412	1473	1542	1543	1212	1353	1478	1651	1577	1378	1488	1424	1594	1770	1400	1412	1503	1466	1630	1083	
>	1498	2286	2068	1991	2188	2252	2162	2187	2260	2171	2318	2147	2157	2247	2201	2190	2208	2235	2234	2176	2410	2390	2359	2280	2232	2472	2421	2502	2544	2531	2349	2445	2355	2485	2430	2619	2690	2738	2717	2809	2860	2944	3225	3308	3129	3237	3418	3552	3693	3657	3701	4235	4319	4214	4272	4096	4511	4842	4790	4976	3908	4321	4576	4806	4796	4017	4469	4645	4852	5242	3956	4304	4560	4390	4503	3349	
B	8865	11742	12689	13548	12107	11671	12467	13494	13250	12606	11964	12770	12934	13634	13113	13035	13313	13791	13984	14624	14008	14778	15225	15879	16013	16022	16847	18455	18373	19369	19687	20093	20813	20885	21258	22473	23499	24116	23448	26247	25945	25588	26790	28933	28239	28158	29112	32349	32633	32744	34422	36141	39198	38395	36209	37092	38733	40267	40450	40446	40469	41026	42455	43690	44006	43803	44306	43648	44839	46507	46881	47106	47394	47490	48412	45185	
?	7058	8827	10074	10252	8962	8731	8778	9940	9833	9003	8528	8993	9202	9414	9336	9269	9643	9602	10074	10468	9876	10543	10920	11230	11182	11033	11338	11530	11642	11709	11842	12320	12599	12704	12972	12961	13797	14277	13855	15032	14977	14967	15295	16609	16369	16191	17037	18735	19135	19025	18996	20010	22190	22352	20990	20803	22135	23229	23523	23520	23136	23933	24593	25822	25976	26173	27306	26870	27983	28801	28770	29813	30304	31282	32034	33915	
&	0	0	0	0	4	3	9	6	7	4	7	5	6	6	5	7	5	6	4	6	8	10	9	8	8	15	13	11	23	20	32	26	24	16	21	37	22	19	18	28	59	29	39	47	32	61	36	53	52	37	84	101	112	89	53	95	80	83	98	73	91	69	76	70	63	84	87	60	54	67	76	74	45	44	25	0	
D	45407	42753	45141	46030	44877	44799	43075	44585	44639	45708	45327	45494	45969	46030	46853	47719	47923	48027	49057	49460	48968	48888	48962	48758	49202	49492	49926	47586	48211	48365	49431	49735	50829	51685	50389	50000	51015	52751	50939	51216	51722	52108	50533	51803	51563	51387	51531	50176	49946	50276	49603	48805	48837	49162	50692	50150	50037	49613	50123	50198	50452	51455	50851	50933	51212	51421	51753	52135	50745	50496	50652	50123	50321	50255	49635	47698	
G	280302	268630	259549	255787	264162	266599	266165	256719	257058	255185	260882	254781	251561	248139	247976	251070	246266	243613	239497	235956	242280	236264	232034	228876	227004	226816	220451	215584	212620	208083	208339	202881	196735	194933	193920	191048	180924	175459	178962	167877	167856	166631	162004	151379	152379	153971	146902	133517	130166	129885	127266	116430	101116	101116	110633	110084	100639	92666	90968	90414	95996	87739	81731	75268	73490	75266	67357	66825	63482	58135	58262	53152	49986	46996	43660	46610	
(	0	1	21	46	35	27	30	37	34	19	33	41	57	41	22	57	39	48	39	44	39	50	56	45	43	64	63	63	62	74	102	71	80	75	72	128	113	123	88	119	159	127	137	186	126	177	171	194	213	181	276	288	377	302	192	312	288	253	289	221	323	268	257	268	257	322	290	235	247	229	268	304	235	201	133	0	
$	0	0	0	0	0	0	0	0	0	0	0	0	0	0	0	1	1	1	1	1	0	1	0	0	0	1	1	1	0	0	2	0	0	0	2	1	1	2	0	2	5	1	3	4	1	4	4	3	4	1	7	9	6	4	2	8	4	3	9	7	11	2	3	1	5	11	7	4	3	0	1	4	1	2	0	0	
F	70247	71765	71536	72740	73684	74147	70140	71618	72033	75929	76550	76536	76514	77340	77887	78307	78345	78444	79128	79427	78617	78472	78494	78866	79121	80701	80723	80954	81254	81159	82539	82723	82821	83002	83329	82493	82527	81835	83455	81739	81776	82734	81603	79652	81468	80536	79945	77174	76331	76808	74358	72726	67311	68535	73996	71388	70208	68175	67742	68281	67617	67175	65790	62837	62719	60943	60008	61869	60175	56754	55264	54559	54038	52764	50339	44887	
:	3931	5391	6617	7065	5040	4684	5145	6317	6097	5142	4692	5101	5194	5367	5363	5070	5363	5653	5756	6054	5634	6219	6595	6705	6770	6295	6713	6863	6871	6887	6794	6990	7524	7871	7730	7455	8265	8726	8282	8734	8766	8959	8953	9788	9721	9458	10078	11665	11711	11478	11060	11752	13773	13919	12088	11884	12312	13079	13572	13425	12951	13613	13916	14582	14769	14582	15815	15804	15458	15635	15685	16448	16143	16318	16252	24340	
*	0	85	102	144	114	99	105	98	110	78	143	115	107	107	89	141	120	115	100	99	140	125	150	138	128	220	163	157	152	177	263	196	201	201	159	302	277	254	207	247	386	276	292	332	246	404	332	337	382	348	573	501	566	527	386	550	466	445	441	382	552	422	368	372	363	577	466	365	325	319	407	293	275	206	167	0	
-	822	1334	2331	2531	1330	1184	1733	2393	2235	1554	1163	1509	1575	1561	1555	1284	1462	1677	1812	1910	1515	1953	2261	2368	2382	1842	2162	2188	2164	2236	1721	2071	2523	2703	2614	1976	2677	2953	2778	2908	2366	2821	2918	3483	3156	2427	3256	4465	4606	4223	3186	3771	5723	5837	4450	3266	3937	4508	4680	4619	3565	4228	4487	4845	4753	3666	4888	5319	5011	4906	3759	4661	4952	4604	2931	0	
C	8423	8566	8038	7537	7543	7134	9012	8736	8876	9178	7470	8781	9211	9601	9214	7565	8503	8878	9120	9073	8227	9286	10049	10418	10626	9882	10993	12779	12975	13607	12114	13280	13384	13259	13664	13654	15019	15200	15525	16556	15944	15993	17594	17751	17913	17619	18586	19713	19991	20285	20430	22528	22961	22953	22724	22372	23816	24997	24891	25201	23744	25096	26137	26829	26936	26819	27838	27634	28853	29617	29955	31102	31719	31888	32524	23823	
0	0	47	83	78	86	64	80	73	85	53	93	64	83	86	67	89	76	77	80	75	102	98	91	92	95	118	113	107	138	134	133	130	103	129	110	174	171	155	141	149	189	171	196	230	187	240	235	225	221	209	326	319	332	299	227	312	301	336	292	317	343	284	292	294	286	340	309	253	278	333	341	322	258	263	259	472	
.	320	446	482	402	326	355	368	422	386	287	363	355	296	235	248	435	367	339	346	324	482	416	375	351	355	545	469	402	379	325	581	491	450	401	382	578	535	522	384	432	729	594	453	466	424	764	597	553	508	490	836	656	671	623	476	909	694	581	583	476	885	611	525	456	398	874	631	482	335	315	624	390	258	205	125	0	
@	1842	2191	1998	1919	1905	1613	2107	2084	2089	2202	1816	1947	2153	2253	2237	1813	2141	2144	2216	2288	1931	2221	2387	2325	2527	2198	2581	3051	3053	3354	2681	3044	3210	3103	3413	3436	3669	3839	3820	4331	4149	4202	4819	5201	5169	4839	5433	6130	6237	6237	6841	7692	8564	8319	7526	8022	8667	9394	9297	9352	8867	9337	9885	10558	10555	10603	10884	10740	11492	12280	12227	12666	13116	13285	13934	10247	
;	1099	1191	1219	1184	1538	1621	1429	1504	1417	1399	1503	1443	1492	1471	1505	1602	1540	1560	1548	1610	1606	1549	1571	1573	1592	1577	1532	1439	1374	1419	1417	1344	1379	1303	1401	1499	1455	1376	1581	1395	1470	1540	1476	1555	1478	1634	1625	1685	1720	1678	1587	1666	1724	1779	1772	1659	1827	1856	1845	1861	1571	1702	1766	1836	1865	1627	1763	1682	1720	1822	1488	1517	1466	1480	1483	1801	
A	10306	11557	12513	12853	11761	11806	11523	12949	12691	12503	11498	12020	12419	12529	12634	12246	12857	12974	13173	13555	13078	13613	13965	14338	14186	14271	14446	14580	14909	15019	14540	15189	15737	16021	16070	15956	16948	17563	17024	17888	17741	17969	18436	19356	18995	19402	19562	20940	21446	21288	21295	21960	23527	23748	22872	23009	23724	24243	24788	24820	24244	25063	25726	26369	26891	26922	27692	28113	28414	28697	28735	29727	30059	30609	30780	32432	
6	417	662	711	724	816	993	872	914	903	726	910	855	819	856	767	1025	980	866	910	868	1073	974	876	927	859	1062	987	849	850	784	1045	827	874	857	775	1030	1011	948	884	851	1159	1066	909	911	890	1179	1124	1015	954	897	1263	1037	991	989	880	1235	1054	1086	1011	1015	1204	1000	949	930	905	1173	1032	960	920	862	1066	870	846	726	692	2043	
3	59	179	193	196	191	165	186	187	177	181	208	207	212	191	186	221	199	201	169	198	233	198	218	196	197	251	203	234	232	237	236	277	211	256	231	318	281	294	270	309	351	315	349	334	322	348	365	419	435	402	487	505	589	549	413	491	518	567	578	550	496	561	521	612	541	549	584	538	564	619	608	607	585	617	578	765	
%	0	0	0	4	3	0	9	7	4	6	1	1	5	4	2	2	0	0	4	4	5	1	7	4	5	4	6	5	3	5	9	9	5	7	8	15	9	14	12	16	21	12	10	11	19	24	18	26	28	28	33	33	53	45	26	41	35	39	34	30	39	42	32	22	30	31	28	20	21	13	20	11	19	13	13	0	
#	239	279	288	309	342	367	540	440	469	513	569	606	637	668	739	821	868	933	992	1083	1204	1284	1380	1509	1673	1853	1970	2154	2354	2607	2931	3102	3335	3629	4024	4464	4709	5058	5429	5919	6504	6837	7284	7788	8487	9485	10012	10688	11457	12335	13533	14164	14853	15203	15967	16967	17454	17929	18503	19586	20856	21430	22221	23351	24968	27129	27968	29182	31062	33691	37284	38758	41031	44664	51144	63317	
9	240	538	550	493	584	566	498	452	451	444	583	504	478	494	474	563	532	522	478	507	563	557	512	483	501	535	505	545	518	572	603	544	534	559	505	644	624	593	553	621	658	642	678	667	642	751	731	729	762	747	845	885	958	884	855	867	911	960	945	932	804	884	869	928	952	869	837	888	922	1021	800	857	866	814	852	971	
+	0	34	96	137	132	154	152	173	155	113	201	155	150	154	134	230	154	145	167	186	237	223	194	191	176	281	269	254	234	229	353	311	288	264	263	450	422	406	318	341	509	419	448	426	413	583	473	611	559	543	695	693	859	842	573	717	637	707	651	612	704	631	705	654	591	691	696	641	659	624	526	587	544	534	334	0	
8	4	176	176	204	209	138	197	217	261	214	205	231	226	209	238	245	254	248	269	283	253	252	256	282	290	281	263	325	299	310	266	243	273	298	301	331	349	348	342	415	399	366	433	493	460	417	487	534	578	588	566	634	753	738	648	557	694	773	730	752	625	687	691	777	751	690	744	684	699	760	661	668	643	667	706	750	
4	0	160	207	251	232	312	270	291	260	242	305	301	306	297	245	365	329	306	296	316	422	345	370	365	377	491	473	487	492	494	586	576	532	479	518	764	689	641	598	662	857	731	743	746	688	911	805	872	839	800	1059	997	1140	1046	926	1078	1011	1065	1066	1033	1136	1047	973	1039	992	1127	1039	917	924	990	1031	1002	908	866	883	1819	
)	0	6	16	64	57	72	68	67	65	38	75	47	55	63	45	82	64	60	54	67	87	75	64	95	91	127	99	108	100	99	165	120	117	115	109	195	168	153	132	165	258	192	195	207	167	273	203	272	292	244	409	359	429	480	291	401	361	379	370	303	361	321	347	335	297	374	383	334	351	321	327	322	304	257	186	0	
'	0	1	5	17	9	8	25	15	10	15	23	13	14	11	12	10	12	12	8	21	17	11	15	15	18	27	30	35	41	31	54	39	37	33	36	65	51	65	42	66	93	59	77	77	56	73	89	104	123	93	157	159	210	164	124	199	181	137	176	151	180	138	148	120	129	143	147	126	119	116	132	111	98	98	49	0	
5	2601	3439	4704	4920	3259	2932	3376	4409	4190	3489	2874	3388	3287	3506	3581	3233	3586	3661	3976	4178	3458	4152	4416	4594	4691	4088	4569	4531	4483	4629	4222	4548	5092	5382	5249	4511	5388	5999	5512	5780	5449	5845	5820	6849	6374	5792	6678	8128	8206	7831	7055	7738	9835	10065	8198	7383	8040	8842	9370	8828	8070	8812	9201	9723	10008	9191	10427	10636	10588	10521	9977	10861	10960	11063	10962	16941	
