/	0	0	0	0	0	11	26	11	40	67	78	151	218	314	504	789	1005	853	994	1493	1679	2120	2545	2865	3397	4397	5553	6927	8822	10744	12594	15569	17115	20140	23427	27010	30991	32840	38575	40495	41952	44526	48257	53589	52947	55051	59274	60305	62639	65895	62936	61532	63041	64649	73312	66634	66258	66404	61011	59490	60688	58845	55610	51725	52172	58265	53052	54324	50268	45477	40727	35796	26758	8189	276	0	
=	332821	333336	273909	217576	271704	176424	174575	148908	126359	87523	54448	31748	31339	29926	32369	35257	37017	34990	36720	37873	41126	41632	45617	43232	48401	54799	58042	61752	72997	78427	87148	101545	112752	128651	143658	163150	182690	206018	239327	268236	301053	337951	367581	391690	425662	457596	497694	536152	568937	600030	635325	653651	671976	680605	709284	717460	750577	763303	775164	774304	772399	779555	785018	753582	719241	688104	673587	663885	644704	627912	607659	601044	535100	499011	441807	1633181	
7	12172	32461	38009	33941	44768	4745	3993	5573	6343	5548	5995	6900	8462	8598	9808	10783	11667	11623	11571	12675	13422	14098	17139	17082	19024	20692	24483	26794	32010	35759	39422	49025	53681	57762	61210	69415	75917	82448	94722	103737	107181	115038	123233	133527	144797	155083	164848	178650	192814	205579	211263	227449	235504	237439	245953	250116	271898	273852	312303	323084	333440	336406	344353	344402	312009	313719	307777	300507	294411	200325	187594	172876	146928	122104	98964	487864	
,	0	0	0	0	0	6157	7091	9591	11020	13917	13410	13134	12677	13853	14015	14509	15937	13801	13524	12619	10896	11193	10335	7962	6422	8025	6290	4380	3571	2732	2469	2679	3079	4050	4176	4618	5226	5577	7267	8400	10000	10467	11977	13430	15126	16345	18487	20983	22156	25266	27027	27665	29922	31713	34341	36644	39351	40242	44806	47118	48335	50099	53332	51815	51396	48460	54516	57596	51811	56261	41928	35481	21250	2550	2	0	
2	0	0	0	0	0	49770	60106	65557	65984	64646	66430	73448	73975	78999	79078	80562	80421	82826	16088	19515	22546	24868	28261	31126	33599	34388	40422	40195	36905	33021	26440	24627	20058	17648	15752	15667	17802	18998	22212	22727	23339	27162	29769	34287	33727	34265	36857	38928	38618	43633	44584	46894	49361	55016	58218	58315	65132	69587	72481	73978	71889	78201	79530	81592	85928	89872	95670	97786	101774	100196	98854	96569	89797	82462	76996	327773	
E	0	0	0	0	0	584906	734393	744928	5429	5020	3681	3368	2918	2069049	2116298	2175203	2198829	2091922	1779981	1791886	1817299	1822990	1859840	1736005	1726361	1700324	1682469	1655452	1651278	1635572	1631563	1616002	1583627	1550001	1526590	1526437	1551153	1587329	1617092	1666928	1710967	1750960	1854608	1958799	2072657	2176079	2330442	2428323	2558105	2698977	2807209	2933614	3082189	3237442	3358572	3490624	3660015	3759294	3932805	4126849	4252887	4457027	4471073	4526338	4491445	4471464	4510115	4387290	4423188	4344594	4229906	4262248	4210063	4105649	3995541	1464468	
1	79289	79590	76132	43342	64178	26957	21765	22273	22811	20781	22487	28300	33881	47092	51327	56929	58130	53380	51015	53435	57803	63682	69827	71954	76118	84865	94386	96812	105581	108379	107455	108585	102841	94108	82291	75565	67401	61404	57010	48869	39657	38189	33735	33312	29491	26858	26418	25810	28940	27098	25709	26262	26185	30197	33677	29557	36283	27534	26537	28389	28671	29530	26824	26984	37192	40699	42460	41214	40061	45763	41004	41309	39556	36899	40644	88160	
<	377244	565396	620261	8742	12078	50625	63184	85619	236808	281965	316787	369528	384512	397643	402180	417616	429126	411178	391673	384530	381975	380172	377028	355461	344427	320703	312074	303513	298332	285971	283224	276873	266640	268458	265898	267566	279914	277568	281790	284958	274078	275046	285616	286180	284948	287117	297454	295637	308643	321669	319824	315650	333988	332120	331627	337311	349788	360769	376655	393263	405609	429581	443430	458481	391096	426115	436126	455494	479525	486618	488702	504781	510855	506956	704884	1732876	
J	0	0	0	0	0	0	0	0	0	0	0	0	0	29180474	28565709	27821165	27222445	27496446	27959083	27734050	27369312	26778866	25968429	27457101	27233078	27203559	26925291	26573606	25984282	25472789	24989074	24584961	24321068	23956070	23573054	23066612	22577059	22179474	21469495	20804629	20303317	19733129	19154437	18353955	17733872	17044382	16252676	15536971	14828816	13846096	12971076	12277784	11547476	10724002	9844892	9200290	8375782	7517920	6755379	6002223	5320316	4554418	4015344	3629355	3173524	2805558	2525178	2164362	1867209	1545383	1309053	1052481	879840	731143	601364	16838	
>	0	0	0	5708	6444	93762	87227	101753	112555	123129	124105	132460	135108	141772	153214	157831	165589	137841	144102	154196	159281	166339	176264	144789	150686	158640	163214	168775	173607	178426	190156	192662	194457	204301	212911	220820	234618	245070	254418	268872	279928	288070	315233	329820	348385	368875	399861	422621	447120	489905	513203	533365	570222	611516	650813	686871	735502	796244	849751	904211	960167	1012760	1056590	1102442	1273813	1340279	1417144	1494740	1531207	1610091	1681736	1714179	1769029	1768073	1657021	4809308	
B	4029917	2353045	1423412	1068538	1194976	882071	975340	1050019	752482	814312	821728	823404	846151	928833	970013	1008886	1048822	939366	619568	635553	652650	671309	703003	672551	698684	719922	741690	773882	818101	858337	904141	944067	973998	1030606	1068213	1122447	1175636	1207876	1264959	1295976	1340816	1380864	1413142	1442943	1472477	1498991	1536125	1563771	1602396	1659922	1723462	1766504	1808332	1872810	1918628	2004664	2080340	2212036	2282752	2393327	2548795	2690662	2808555	2929198	3065048	3156094	3244551	3370207	3462120	3570674	3677638	3751651	3833999	3938656	3982172	2566837	
?	2409208	2196184	2042139	452609	534232	511431	481433	540479	571205	606600	620522	647642	686504	336820	354111	380175	399786	406379	412822	432760	460552	495772	535563	609825	642155	641113	687523	715574	752494	805958	842743	874751	869826	891389	869788	859288	852316	852336	836106	825890	789578	766510	755222	744015	731220	726958	720962	746252	746987	762968	757832	758209	784937	808792	839816	887241	938262	983986	1005663	1061216	1144209	1200163	1238036	1320201	1354561	1412278	1480150	1526315	1592223	1635444	1659500	1697126	1747185	1750124	1777216	3440781	
H	0	0	0	0	0	0	0	0	42137277	41564274	41490363	40881417	40121274	3485385	3514507	3570952	3618818	4071249	4465659	4389982	4431438	4508851	4596947	4817482	4694745	4476021	4311374	4225496	4144668	4132900	4054336	4040284	3980310	3907274	3938753	3940676	4014219	4081795	4328077	4459366	4478164	4588103	4574838	4732641	4743042	4888939	5052867	5184379	5615719	5683705	5856038	6026370	6065881	6094395	6193545	6108781	6062208	5963318	5983254	5980712	5946047	5871883	5667497	5238096	4831354	4593074	4093318	3779764	3590507	3367102	2969117	2840422	2652715	2358018	2166704	470330	
&	0	0	0	0	0	0	21	41	57	78	47	51	100	132	132	167	200	134	149	203	174	219	244	288	291	575	620	829	837	950	1104	1304	1427	1562	1709	1844	1863	2017	2406	2505	2914	3372	3969	4130	4870	5127	5513	6084	6755	8039	8088	9318	10054	10546	11851	12777	14320	15661	16637	18744	20352	21063	22086	23866	25361	33956	32853	33271	33054	30749	26945	19948	9582	1119	0	0	
D	0	0	0	9501373	9993705	9588457	9921802	9743649	2922816	3004502	3025373	3107687	3240513	585323	612576	647463	673676	640277	662130	696485	732138	778362	830144	860784	926543	976238	1033684	1109941	1192864	1263090	1344963	1427486	1477129	1563421	1631205	1686125	1737574	1762186	1837035	1882013	1935323	2012014	2093786	2182592	2278434	2393481	2532634	2718671	2994447	3202680	3426249	3657396	3922465	4247140	4557303	4880986	5256685	5616447	5965697	6268039	6616756	7034910	7500760	7944610	8404364	8667100	8899319	9282281	9588953	9813346	10122576	10360346	10459733	10759439	11085137	2167189	
I	0	0	0	0	0	0	0	0	0	0	0	0	0	10986728	11167564	11295945	11482142	11361746	11614720	11744401	11790336	11966740	12197954	10881816	10949719	11158415	11317884	11478774	11705483	11839853	11947275	11964493	12128958	12164024	12270087	12398141	12336214	12336957	12291896	12317090	12437591	12338370	12242825	12210681	12193636	12027448	11764167	11537492	11283405	11046768	10772538	10386204	10013437	9588800	9197708	8805622	8273156	7788829	7180828	6678533	6043610	5451515	4929923	4501881	4098106	3656329	3267669	2866620	2569134	2209958	1939308	1656356	1443368	1199833	983664	85700	
G	0	0	0	0	0	0	0	0	3080770	3416478	3462504	3514899	3710190	5049415	5173932	5367531	5518347	5238575	4475261	4557057	4648025	4785772	4947296	4652633	4756727	4780915	4822303	4889787	4994603	5102295	5211198	5263233	5314935	5355419	5420717	5488862	5514412	5507989	5449221	5489874	5496747	5545942	5506169	5550347	5535966	5524794	5502164	5429411	5029397	5008505	4986562	4940267	4860249	4830759	4852287	4717612	4575905	4493356	4398776	4203581	4003105	3828198	3606042	3376785	3197073	2934130	2656137	2414316	2226371	1997941	1831600	1670198	1469656	1286290	1107251	373077	
(	0	0	0	0	0	0	0	14	139	168	162	287	402	685	711	1056	1216	1208	1187	1808	2509	2637	3813	5143	5881	8613	10825	12743	15801	20528	23335	29155	30644	36519	38553	42522	48005	51059	65122	65193	68254	68907	75612	83400	85132	88390	99207	110955	107588	124515	123980	121295	124953	135670	147630	147098	169487	169465	176626	184655	189046	201628	197847	200086	209904	237654	241463	238591	229566	232598	204184	166368	97057	15013	19	0	
F	0	0	0	45229652	44221435	43931870	43462631	43411498	5515901	5597804	5539685	5740761	5950836	1700233	1729834	1778601	1800053	1860992	1851982	1824964	1847668	1867620	1884970	1952272	1959382	1894859	1897120	1920785	1942605	1980905	2019496	2066471	2096725	2111511	2166192	2188929	2231343	2280576	2391487	2464594	2539041	2632616	2709205	2842844	2913158	3034015	3129035	3205285	3260102	3387859	3602749	3756928	3856011	3944645	3955480	4132366	4155838	4359852	4463418	4520308	4588547	4646047	4751478	4782210	4659962	4570094	4649627	4544508	4234151	4032882	3775199	3257498	3000347	2920113	2782019	473655	
:	129066	128860	104697	103579	137921	164491	154038	168884	180538	191380	194697	209884	222959	230296	236715	251327	254237	234342	230211	222800	222141	227444	232995	243550	243751	229937	237761	241794	249392	262872	266211	271799	264218	265382	246505	226348	209892	199277	190454	177525	161491	144518	136035	124515	124468	118889	117642	119009	107337	113855	112577	114057	119506	111041	223278	235557	251962	272181	276393	296787	312506	336370	361168	368113	389951	429031	459551	496081	503769	537444	570296	589956	608410	601744	553665	1940841	
*	0	0	0	0	0	0	0	1	2	49	166	422	1059	1061	1494	2234	3672	3717	5082	7341	10036	13455	18358	21113	27286	47603	56936	66197	78181	90256	107757	113595	114875	125656	125914	123410	128415	129984	131569	121348	106821	92555	93678	87722	79564	77193	74058	68232	60767	60287	51763	41666	38103	33281	29711	26534	21845	20777	15134	10825	8744	6571	4325	3122	1699	976	454	239	111	77	60	39	13	3	0	0	
-	0	0	0	0	0	0	9	25	79	131	150	178	300	360	464	763	1048	1028	967	1315	1446	2548	2202	3385	3334	3967	5104	6862	7933	9059	9790	12898	13822	16841	18222	19580	22330	24731	26022	32102	36900	33024	34143	37442	38209	37743	38535	39053	40566	41172	44004	44806	43626	44838	41945	40558	41078	39723	39064	40617	40414	38173	39242	39651	40835	43327	43702	43794	42204	39912	37249	31555	20836	5097	49	0	
C	33035090	37471537	39567563	0	0	67	71	84	559780	527297	529658	583199	614806	690337	699015	721923	727248	762925	1061571	1061922	1074909	1074560	1097930	1074783	1066771	1020940	1013600	993447	991350	993003	995809	990238	964337	977229	964014	967823	984396	1002984	1028075	1058534	1093328	1149299	1232285	1299801	1375978	1458217	1569358	1670421	1810131	1945275	2047592	2178525	2325628	2511019	2716574	2881768	3142357	3336727	3567883	3762390	3995108	4226183	4446477	4717959	5032834	5284010	5518647	5790403	6047002	6345579	6681518	6930707	7189841	7411998	7667315	5648312	
0	0	0	0	0	0	19652	18870	17220	15238	13037	13326	16165	18916	4234	5595	8226	9764	9876	11602	13872	17391	22186	27516	33869	40850	48855	61117	70780	78904	89576	96326	106584	112500	125889	123763	121968	127607	119387	124827	122265	119504	110455	105529	101778	92027	84685	78917	79415	69736	71253	62575	58827	59048	48620	42776	42677	41701	42385	42665	47053	48020	50493	52434	55701	51298	56931	61679	63080	65717	67626	66609	65648	61529	56463	57359	250086	
.	0	0	0	0	0	0	0	4	34	59	40	70	164	382	330	313	488	802	765	1020	1234	1373	1814	2590	3392	4318	5367	6455	7688	9882	11629	15050	16333	18661	22461	25585	27907	30480	38101	40948	43563	48252	53489	57426	59941	64023	71327	76505	81107	88332	91292	93278	91150	90506	95121	94916	102820	101380	101788	99259	98950	96121	95086	85117	83915	75786	73780	67710	57431	52575	45748	36562	24002	6773	42	0	
@	16610032	13872683	12883003	8527	11048	236618	200129	173163	111544	90976	97591	113089	127264	492022	514553	542012	544494	503122	500169	506856	510826	523515	547164	526128	536730	532826	554858	570493	592276	591753	612076	641400	641008	668404	682009	704494	729262	749381	774343	807575	817790	851250	904498	917821	962954	999029	1036027	1081154	1118549	1174165	1211849	1234445	1294682	1347714	1393119	1445379	1510504	1568371	1625472	1680419	1726511	1754094	1809254	1885666	2005979	2091731	2192091	2268569	2306895	2402566	2516109	2574609	2648144	2698171	2722308	4977270	
;	333151	341638	342707	160942	203724	143855	144269	170621	73859	76223	79147	84526	93884	98697	107636	113332	116912	107465	108169	113417	114814	118077	131454	120941	124761	127770	136554	142066	153739	159090	166118	177099	191951	205910	215790	236454	258094	273381	293323	334583	348387	377963	410289	427803	458062	479513	504542	534590	554514	591991	626785	659563	682711	730838	763141	779265	821257	844184	936861	984755	1026652	1044079	1065058	1100692	1134348	1160049	1216908	1229210	1225047	1232537	1220564	1193147	1179526	1117303	765455	3452439	
6	0	0	0	0	0	14010	10258	10331	10383	9749	10964	13828	16661	18205	20682	23920	25832	22158	23846	27354	30309	35460	39929	42015	46754	51097	59426	64401	73503	74591	78783	86973	93437	100311	97597	104220	105765	109419	108962	109303	108814	112845	114394	118618	112104	110900	116791	125634	122285	130510	128996	131712	137962	134495	143397	138692	150517	159376	156457	160274	153724	157750	152689	146970	147309	149959	146242	146131	139584	139739	136366	126390	123197	100652	82671	405205	
A	0	0	0	599717	686851	853039	828049	861593	799812	791337	806021	875360	919149	653627	668655	687974	697525	680556	647984	633968	626089	611665	609818	586511	562692	520502	509753	496483	481455	468014	457259	457744	446400	454162	455937	473780	498536	520797	546414	584191	612050	643042	679970	705740	744413	773161	822633	870878	919950	967839	1006368	1048660	1113052	1181724	1207210	1239422	1313816	1391445	1447686	1548238	1622038	1687678	1746180	1807636	1859214	1922849	1957446	2066881	2152168	2205701	2278117	2376119	2418505	2460344	2476663	3912995	
3	0	0	0	0	0	23370	23223	25959	31654	34848	34175	38273	39805	43403	49342	50783	53808	46483	112087	106709	101506	98518	96641	85249	79600	79025	74183	69077	68784	67107	71328	69041	66650	70098	70789	73745	77601	77462	79769	82346	86876	89126	101206	96278	98682	103664	115225	122022	120960	133999	137241	140672	148367	157081	168624	179296	192048	209576	225405	235990	253534	266632	280425	286973	259471	295072	301950	304843	309920	327550	312399	319919	308801	294592	287199	758666	
#	521	524	527	533	544	562	595	632	691	771	980	1846	2151	4014	5397	6210	7552	11066	13255	16396	20854	27208	38197	54324	75657	105414	136836	171949	216185	258545	303055	348696	397150	450482	508444	585610	675452	755965	834308	908624	986286	1068404	1157689	1247964	1341829	1443237	1552623	1668223	1784178	1904868	2029378	2158075	2293277	2442206	2605515	2775704	2953122	3138065	3331968	3529841	3766048	4001259	4274738	4547797	4837898	5172895	5518648	5886048	6288387	6756452	7303445	7933147	8654901	9468974	10315780	11485241	
9	0	0	0	0	0	22	35	70	113	529	1182	2463	4140	53160	61534	66235	77751	71965	81050	98329	110514	125901	145862	142298	160737	174426	188965	202489	217442	230321	247748	250112	252535	264946	264109	270364	282655	287555	292985	292101	282959	274975	284494	282313	276480	278222	283380	283143	295570	307771	295690	289822	294762	304353	196513	200791	206370	213159	196650	196214	197954	203690	209197	214328	217546	233251	240985	252385	262574	427155	418087	438954	444797	434762	403873	1404910	
+	31532	25430	27184	30275	54357	33395	33838	40649	43038	45030	47556	54015	57881	60589	63321	68882	71213	59471	58381	58258	58177	57643	60240	50148	47698	62079	56080	49850	46325	35822	24298	18890	12598	8304	3821	2153	1659	1176	1226	1461	1433	1656	1849	2121	2467	2812	3090	3496	4056	4509	5349	5740	6609	7447	8611	8966	10717	12393	13173	14484	15759	17429	19438	21299	21906	23331	27411	29038	29195	29309	27456	23092	14897	1966	0	0	
8	118716	99664	100992	0	0	71638	60908	64192	66521	68982	72694	83269	89112	50016	54766	63259	67878	64133	67509	72191	79276	84870	92170	92657	97381	100053	106269	108743	112493	117520	124801	130886	134669	141747	144052	150353	161429	167802	193984	202868	212381	233159	249128	256815	262217	272749	282231	294862	280686	293188	300994	293610	297123	304414	316809	317915	318812	322713	294527	293233	305066	308680	309232	306458	353595	373318	393422	398798	409601	334486	339270	343687	337447	320995	291094	1115472	
4	1977	388	201	35682	62771	15254	17730	21200	24951	29870	30226	30029	30126	33404	33442	36700	41494	34627	35491	37126	38489	41683	45456	39893	40761	43250	44639	47316	49166	50605	55142	58240	59452	63695	66831	67282	73532	78610	82854	84541	77863	78711	85899	88587	87344	92622	94350	91911	92042	96590	96250	90304	89599	91365	94784	84801	82372	80323	79731	76999	74319	69601	64581	58134	100596	105061	109872	116244	110107	109337	111662	106224	102244	90333	78258	446220	
)	0	0	0	0	0	17566	15079	16100	14160	13289	13905	18385	22398	24497	28489	33065	33759	29190	31256	32262	36383	43398	49948	50219	56567	88371	100743	104923	116211	118177	122797	126544	125754	128090	118537	116754	127322	111981	112876	114170	111129	117091	127116	121382	123334	123027	129180	131239	129491	141096	138444	135286	137067	140580	142981	142719	151515	151395	154934	147953	152577	150025	148411	137530	141467	140472	130081	118842	105908	92974	80673	64129	38271	12427	60	0	
'	0	0	0	0	0	11	29	26	129	108	148	227	369	539	709	1185	1443	1165	1266	1877	2187	3375	3227	3523	4189	6800	8769	11378	11808	13342	15601	21121	21092	26154	27336	31777	33727	36887	42760	44325	46871	48524	53855	58800	58127	58760	62867	63802	63685	70380	71654	76507	80580	76009	79164	67281	68024	66938	69171	68347	70977	66697	65487	58554	59057	66042	61859	65810	55289	52516	38868	31294	17981	1981	6	0	
5	0	0	0	0	0	0	19	69	214	259	305	323	532	619	715	973	1392	1859	1846	2238	3326	4615	4596	7169	6185	6440	8529	10016	13060	14565	16072	20054	22685	25861	30421	33342	40802	43960	49667	61574	66390	68651	75976	85628	102989	112496	121275	130467	141542	154547	166281	178824	191701	204949	216526	227526	243112	251526	245231	265034	276967	286720	303986	315387	328269	333401	365296	383559	379590	393887	383010	378881	364576	324517	297258	1565042	
