/	0	0	0	0	0	20	47	29	210	301	430	632	800	1249	1761	2666	2675	3037	3425	4798	5404	6502	7298	8016	9477	11662	14129	17238	21246	25312	29901	35279	39764	46193	53431	62426	70563	75827	87890	92569	98253	103313	109813	119429	119644	123931	131454	137225	140821	146045	143861	130829	129197	128641	142863	136702	130852	129026	117987	115790	114351	108587	104042	99774	102503	112921	100863	105917	98110	90227	83304	73383	58956	23419	2228	0	
=	920823	1311974	976060	700504	710378	460799	431584	360220	300208	205638	121284	69269	67339	64958	71060	76675	74439	76655	80714	82759	90659	91635	92886	94263	106217	120141	128504	135317	159874	170998	189320	220683	246685	277151	309471	351909	393299	445354	513754	570840	647662	724406	787134	837832	907745	975935	1054550	1139285	1213063	1273610	1879416	1586579	1457560	1410610	1430049	1448694	1486710	1476913	1491506	1485487	1473618	1466593	1471017	1400638	1351857	1306687	1274421	1255779	1224589	1205726	1183325	1153850	1023491	962236	881781	2345823	
7	84802	70400	81460	76461	93370	10462	9678	13266	15778	13271	14393	16266	19629	20469	23721	25963	26438	28028	29468	30813	32619	34302	39081	40843	45699	50591	57795	61872	73149	81582	89513	108649	120254	127628	136705	154528	168910	184635	210825	225860	237671	255292	273868	292608	317202	337481	356720	389730	421123	442589	565043	524253	503497	488942	500797	513069	545671	539691	608138	629697	643115	637096	650999	652331	595705	606402	592776	578787	574149	394543	379084	345160	289902	249480	217758	740869	
,	0	0	0	0	0	21533	25999	33366	40133	50491	48741	48489	47016	50105	54965	54265	51432	49564	49648	43758	40637	40330	31039	27503	20430	19882	14652	9928	8035	6345	5750	6136	7058	9300	9502	10643	11913	12998	16537	18817	23831	24450	27925	30883	34890	37444	41825	48112	51843	59176	79634	69355	68242	69328	73572	80615	84976	83986	90578	95526	94948	95793	101568	96470	98365	97986	105958	109637	102000	110802	86640	73406	46859	11979	100	0	
2	0	0	0	0	0	170170	193313	205312	220531	225044	226916	244689	244448	262932	268474	271494	274958	261188	55855	67622	78471	84319	93713	94794	96885	94203	99716	95620	84501	73817	59017	53763	45714	39800	35915	36164	40493	43807	50814	52052	54232	61454	66983	76321	74010	76043	81516	88075	86654	95515	90883	95358	100918	110859	117753	120539	128474	135779	140132	144015	140070	147502	151159	160556	169853	177383	188324	193426	202046	201487	198707	194509	182429	175427	168726	536308	
E	0	0	0	0	0	1378344	1679247	1663190	5429	5037	3792	3633	3251	4037262	4135931	4256896	4161572	4043387	3530873	3560347	3625782	3647228	3524658	3386027	3344307	3305419	3269391	3215982	3212754	3190704	3175595	3147445	3128848	3046832	3031013	3013070	3087042	3184747	3237990	3345880	3455035	3529002	3727895	3938309	4175268	4387653	4684109	4900077	5195685	5461214	6225413	6410016	6439842	6551031	6713784	6899927	7197206	7382921	7705524	8086409	8358328	8774577	8812406	8886347	8856823	8827375	8932128	8725377	8822069	8687355	8417149	8470178	8391956	8208928	7932854	4272304	
1	642330	641393	484059	130410	158589	72137	60561	67271	69013	58579	63216	78435	92584	138779	153399	165250	155108	154939	149164	156931	172242	189086	200752	204841	211156	224725	234781	231949	246922	248667	240649	236675	227885	206187	182374	165840	151209	138612	128401	111066	92778	87447	77807	74373	65555	59489	58236	57482	62138	58946	48272	50099	51123	58002	63882	58542	68652	53481	50364	54741	53954	55025	51024	54349	75162	79386	80907	82051	79622	96205	81172	82600	79735	75839	87728	200286	
<	1411694	1171956	1281855	17474	23317	111713	149851	210569	550062	662110	748428	864983	892130	920613	935786	963290	956939	913374	882042	861631	861728	849722	809918	762832	726386	683466	656510	632654	617569	593158	581969	569454	564159	556981	555211	553837	581105	580760	588159	596710	586336	581412	600174	598443	597998	603845	621496	624445	650100	665821	680704	649701	664152	651960	659472	672347	684376	701079	727340	764021	782829	819429	850792	893456	764855	821890	842414	884448	932749	948181	962603	990347	1005662	1007793	1434990	3029373	
J	0	0	0	0	0	0	0	0	0	0	0	0	0	57271712	55900597	54240909	54085355	54130693	54727456	54038890	53061886	51654972	52242312	54791134	54527080	54241717	53435635	52632677	51399850	50303279	49338327	48432047	47599882	46906004	46108595	45145481	43987713	42891383	41394356	40144055	38959127	37782952	36697973	35128926	33906604	32485243	30916023	29388418	27861487	25985531	15899012	15396055	17669149	19140068	18762076	17836255	16614591	15194284	13745840	12205223	10867993	9439802	8302577	7643202	6774733	5979203	5286145	4490231	3837559	3193566	2696453	2166670	1795449	1483802	1216789	205204	
>	0	0	0	5708	6444	187944	178928	208461	235737	253168	255650	271530	278048	294747	317971	326238	306258	285959	304058	321006	335635	349370	324387	300119	312294	325035	333955	344763	354598	368926	389677	394691	408406	422693	442666	456034	486908	509891	527687	559454	591585	604375	655728	685450	728750	769628	832450	886340	941886	1020042	1153696	1123119	1159472	1220945	1298348	1369401	1442867	1546108	1638920	1753386	1840337	1914116	1999359	2099035	2428582	2553097	2689566	2840781	2923294	3072516	3227931	3295515	3405201	3429106	3328157	7602323	
B	11831643	9109032	6052887	2566676	2692556	1908013	2073570	2201250	1554083	1673929	1683192	1689379	1729976	1924027	2018643	2086715	2022709	1935731	1292142	1321906	1368333	1406439	1393239	1383599	1432547	1481862	1535518	1602736	1691980	1779891	1868035	1952613	2036883	2137119	2217545	2321917	2428702	2506343	2618459	2675937	2778486	2870147	2913585	2975440	3028959	3082525	3149524	3203319	3282674	3397343	4636550	4086995	3776520	3747928	3782566	3925263	4024453	4244931	4374880	4596461	4886790	5136317	5382766	5603610	5832667	5992872	6205650	6459446	6629233	6828105	7051919	7222630	7409488	7579156	7609001	6245267	
?	5067879	4517770	4080012	1053022	1146442	1101233	1039531	1158993	1235627	1299557	1321618	1379590	1460770	730304	775937	829471	847122	872237	899734	946953	1020952	1105388	1188061	1301799	1360290	1395240	1488030	1535683	1610627	1706242	1772816	1831215	1828988	1861151	1825455	1806916	1785983	1792754	1761008	1716879	1663298	1614783	1581954	1555364	1524508	1507106	1486607	1530650	1535238	1564604	2134590	1782971	1662938	1638086	1667984	1748465	1824626	1898613	1931512	2030261	2181320	2269590	2346629	2486603	2562183	2679302	2812111	2903665	3031006	3120753	3193656	3262384	3365209	3373313	3442300	5708177	
H	0	0	0	0	0	0	0	0	83125745	81988317	81829532	80446916	78851739	7151425	7165646	7311310	7741679	8095211	8954669	8885238	8973094	9174703	9731844	9429793	9109790	8777132	8586419	8483905	8335520	8283426	8191220	8181518	8042190	7948841	7986818	7990740	8144781	8301770	8829943	9062810	9046355	9292507	9258029	9546659	9555701	9817924	10131445	10354763	11249836	11416024	14602531	16134769	13972882	12922469	12605728	12266435	12192594	11940472	11993382	11978810	11964724	11874594	11369831	10592262	9719493	9183085	8242375	7642944	7229707	6781625	5935002	5694888	5282096	4710124	4252411	1503016	
&	0	0	0	0	0	0	61	132	197	292	222	305	518	730	815	1056	893	905	996	1165	1055	1152	1178	1337	1307	1563	1727	2037	2188	2398	2844	3111	3479	3676	4049	4309	4399	4845	5433	5793	6568	7346	8980	9043	10555	11313	11839	13837	15700	18480	16081	19180	20725	21260	24274	27389	28764	29892	32012	36245	38399	38485	40302	49225	53020	66093	61925	63488	64351	60316	53909	42455	23706	5641	0	0	
D	0	0	0	18530642	19363683	18081127	18509424	18172433	5725999	5890261	5920198	6126054	6391139	1183197	1242820	1309491	1298830	1280400	1329513	1397496	1472504	1567649	1613241	1692294	1809501	1913105	2032071	2170304	2329132	2465729	2617865	2781368	2887797	3048066	3182256	3293356	3398299	3458919	3618850	3687071	3806524	3969742	4121178	4316340	4506890	4741154	5022970	5395670	5923576	6345112	6699609	6927293	7602423	8424845	9157720	9846538	10668783	11476208	12275207	12908158	13685860	14615151	15618241	16387994	17283089	17903870	18459232	19209951	19787806	20225703	20818650	21320264	21434794	21900506	22334646	8969008	
I	0	0	0	0	0	0	0	0	0	0	0	0	0	21494652	21926577	22288574	22412560	22573201	23068555	23409955	23515844	23910272	23102831	21147165	21362023	21715809	22101970	22507345	22977623	23329840	23556876	23648726	23970612	24101434	24222330	24434543	24374241	24421797	24334452	24385487	24551565	24424078	24178652	24100671	24038349	23721218	23215690	22730417	22197216	21707625	17294219	19342525	20590973	19350968	18256553	17330129	16308449	15401677	14260136	13235529	11980529	10856793	9812237	8947265	8155505	7250800	6479489	5673815	5052431	4343787	3798858	3275398	2823115	2342781	1923431	560355	
G	0	0	0	0	0	0	0	0	6496226	7128845	7233615	7359140	7760620	10405352	10660375	11036228	10915784	10680775	9210405	9397446	9627456	9938071	9634866	9392408	9561319	9655962	9767361	9905567	10153855	10372630	10589538	10700919	10865800	10939754	11086281	11195810	11272018	11315963	11209298	11285043	11340794	11420163	11343606	11420291	11418033	11402810	11357807	11245302	10421447	10397516	12071454	11966278	10930601	10155352	9866162	9458484	9125313	8911610	8683971	8323695	7942188	7583643	7182816	6649154	6274319	5755391	5220724	4747768	4369442	3895491	3565081	3250986	2856649	2493542	2139957	1138985	
(	0	0	0	0	0	0	0	74	1242	1024	1028	1935	2276	3270	4044	5504	4924	6251	5980	8320	10770	11358	14261	18348	21045	24674	29425	33107	40318	50815	55920	68580	74794	85400	92699	100680	115332	123084	152733	155500	167040	166104	181478	194856	197473	205743	228512	257963	254590	285248	262148	258780	262560	276150	300123	313396	338834	331830	340793	357159	355809	367628	363994	391329	409417	454299	457522	460489	454915	463656	406992	343425	218955	65984	441	0	
F	0	0	0	89148604	87863019	87752760	87106269	87016091	10889465	11089247	10986852	11431655	11880346	3393076	3439419	3564745	3603300	3632708	3569123	3548285	3601788	3688062	3723540	3745417	3717432	3647947	3687933	3748628	3789003	3854015	3941489	4049393	4110902	4151810	4252748	4316688	4401702	4520288	4758671	4869617	5026555	5194891	5374354	5652631	5769183	6032241	6205051	6347869	6461064	6714022	9106650	7825905	7500823	7664835	7757112	8129250	8226166	8642957	8867586	8994959	9156438	9332552	9579017	9660998	9468274	9334224	9477046	9239113	8592822	8174915	7617387	6586399	6121715	5930291	5596847	2106046	
:	429953	736078	567670	320001	353411	391869	368691	402830	434809	455670	459073	489073	518183	532539	553899	578875	553515	531001	529443	511956	520875	536219	535414	549224	544207	533459	540665	538323	552690	571459	574721	578212	562068	559812	521172	482333	447079	427296	408096	376023	347607	313402	294138	265553	262564	251058	247214	249619	227661	235203	280301	249171	242036	223481	446389	474283	495432	532766	534818	580166	600601	636766	684450	713932	759629	828246	883261	955661	979907	1048060	1115072	1149264	1193277	1200351	1167992	3188061	
*	0	0	0	0	0	0	0	2	4	335	1250	2807	5239	6127	8607	12103	15030	19649	26271	35058	49038	61202	71688	85536	104417	136357	154004	174909	198512	225667	252548	265352	280005	288136	294462	286762	299110	303824	302030	286266	263246	225313	229125	206400	186268	180290	172531	160603	146245	137823	109934	89721	78109	66791	59802	54448	43430	39805	28252	20536	16530	11778	7731	5480	3001	1906	878	511	224	218	155	99	52	14	0	0	
-	0	0	0	0	0	0	25	56	247	680	883	873	1417	1554	1828	3055	3690	3552	3581	4453	5165	7887	7513	9703	9458	11078	13736	16741	19293	21616	23241	29182	32271	37463	40968	44574	51289	59177	61129	72577	82188	76642	78702	84426	85208	85521	86338	88693	92318	92800	120090	104078	94200	92493	84397	84267	82863	79127	76806	79307	77704	71712	73412	76833	80325	84171	83355	84569	83314	79143	74796	63890	44952	17154	905	0	
C	59593067	69024855	74804317	0	0	73	79	90	1204094	1146173	1151473	1260480	1321496	1473620	1486528	1538487	1562486	1563769	2197433	2204984	2238212	2254120	2231677	2185932	2144599	2081048	2074595	2026150	2012504	2014315	2006881	1990752	1961652	1970409	1948535	1951788	1995286	2044376	2091878	2157638	2237245	2346030	2511446	2648959	2800417	2968812	3189127	3404683	3692749	3957234	5151850	5014246	4906883	5061208	5373759	5663025	6080835	6422930	6847870	7242452	7679752	8097473	8527454	9025101	9581414	10068180	10582565	11121431	11643041	12204664	12892763	13381623	13928070	14343880	14844859	13360087	
0	0	0	0	0	0	76021	70601	64060	58473	51914	54085	63024	72430	16333	20936	27918	30205	33032	38252	45210	55905	68765	82019	98354	115692	134160	156080	174971	194268	214478	227645	247226	262327	284249	283379	280555	287086	274623	281026	274748	273530	254435	242347	232617	209409	189664	176520	175115	155896	152516	156229	126944	118776	97170	88298	87711	84127	83895	84505	93091	94069	95201	100113	109322	103139	116456	120572	123186	128896	134696	134427	131687	125438	117704	122984	384896	
.	0	0	0	0	0	0	0	18	122	326	246	442	955	1518	1504	1641	2214	2985	2992	3771	4435	5215	6623	8688	10594	12551	14594	16610	19239	23988	27783	34772	38160	43493	51681	58939	64768	71740	87056	93637	103390	113904	125444	133384	139356	148184	163685	176091	188631	202770	267588	229136	202691	192375	198845	203151	214698	203420	199839	194309	191360	179309	175768	154372	154335	147167	141169	128678	114676	106861	96140	75127	51134	20651	1367	0	
@	31964385	27004543	25274330	16168	20599	554153	462477	400221	262082	212404	232353	264685	293715	1032645	1083546	1138460	1074624	1038429	1045331	1055518	1073760	1096575	1085146	1071156	1089650	1091286	1132734	1160436	1208034	1217101	1252557	1306923	1325161	1369436	1406822	1450597	1501753	1548117	1599660	1659263	1699787	1759416	1861209	1889396	1980299	2054911	2130000	2224170	2313232	2412434	3107040	2803000	2701815	2705763	2765839	2848038	2930340	3017971	3111439	3226478	3310723	3334565	3447880	3587034	3805152	3973851	4160990	4319344	4413999	4583901	4817956	4936094	5097875	5209125	5296952	8537178	
;	1371740	846518	850029	390704	441274	309545	312717	369400	169668	172759	176736	186902	205806	215896	236269	245890	237206	233843	237221	247882	253990	258461	268886	258392	267118	277231	297964	308727	332910	347035	356633	379902	415665	440166	465619	510058	555427	590771	632688	714134	752659	808783	872502	908889	971857	1015027	1065894	1133953	1179937	1245797	1583946	1490096	1445519	1488491	1530634	1570059	1623363	1655342	1823548	1913941	1977864	1987942	2022481	2094818	2164579	2235417	2315406	2345789	2347750	2373064	2361310	2306939	2280954	2195454	1588866	4876770	
6	0	0	0	0	0	32112	25056	25493	26923	24113	27029	33440	40323	43430	50232	56624	53604	52823	57928	65006	72175	82912	85642	95765	105334	116851	133183	142887	163492	165759	172871	188560	205911	217296	213866	227873	231635	239713	235621	237923	241317	246759	250255	255450	243009	240954	251854	271143	266612	277456	303890	285498	282337	270010	291125	285965	300926	311487	302525	310088	294797	297339	287399	277253	281022	288589	278679	281469	273426	275694	270583	250336	246058	208782	178135	619392	
A	0	0	0	1558424	1617229	1847296	1792655	1848891	1734959	1716959	1738152	1883611	1969995	1407303	1440997	1477305	1469191	1419913	1368078	1339694	1325850	1303220	1260933	1198511	1135717	1063199	1038092	1006750	970318	940572	915728	917564	905142	910827	920240	952001	1004185	1049241	1100334	1174909	1240731	1295789	1367116	1421573	1496788	1556098	1657637	1764456	1874260	1955778	2499599	2416360	2345986	2382452	2397312	2433897	2550841	2679695	2773900	2959644	3094915	3198042	3309370	3423551	3518690	3640091	3713995	3910834	4091103	4200937	4359407	4543849	4635927	4701784	4773450	6988398	
3	0	0	0	0	0	57448	58089	67471	83684	88537	87964	95162	100099	109764	121992	125257	115845	114175	317877	294446	281555	265128	239291	209841	189252	180811	168726	154662	150847	148805	153673	151287	151542	154659	157431	162629	171775	172771	176418	182932	196380	198061	221209	210036	215920	226119	250474	268013	268632	291759	295947	292219	301402	317094	343147	367205	383267	412112	440109	462034	485545	500758	528745	561408	509594	566975	576620	589689	604978	634765	615828	629898	610039	598996	608692	1552329	
#	21980	22147	22850	23616	25835	52279	55020	66508	74344	79903	89479	97678	108155	121662	140309	154725	172397	194994	215338	240398	270430	303244	346761	398681	456170	528867	604731	689616	791648	895780	1002315	1115889	1238167	1368314	1508832	1689851	1895910	2083891	2269294	2443895	2624933	2811934	3015232	3218073	3429644	3654009	3896698	4151896	4407258	4669680	4934978	5168271	5432196	5784749	6115623	6588529	6923010	7280303	7658253	8049729	8514477	8980764	9531218	10092189	10687328	11366788	12070963	12834770	13667230	14625620	15714763	16938835	18337204	19930931	21587767	23668965	
9	0	0	0	0	0	70	66	144	293	1538	3569	7310	12128	118666	137077	147787	155399	163876	188904	226409	260630	291490	310524	322208	358613	390169	419410	444071	472970	500202	529335	536882	555059	569451	572776	583209	608837	621649	625569	626418	617977	598768	613624	608923	596384	594421	603502	606848	638474	653453	731037	625283	602112	607450	395403	406509	408517	415609	383168	382967	382333	388090	397707	412768	424847	455339	464432	487716	511482	833138	829597	866506	874505	868126	834646	2170562	
+	869668	192024	192490	203956	230583	135186	139178	163931	191762	201038	204110	225490	239304	249588	265223	281896	244479	233364	233804	224960	232365	216772	192457	168858	153973	154086	134684	115896	103197	78875	53849	40771	28937	17591	8985	4956	3853	3030	3025	3467	3587	3862	4368	5020	5636	6393	7114	8095	9293	10637	15704	14446	15073	16357	18278	20071	22768	25497	26719	29509	31198	33170	36839	39311	42005	47419	54370	56465	59001	59916	57264	48195	33388	9693	3	0	
8	789339	315220	316303	0	0	172845	148213	154789	162646	163690	170838	194687	209519	124646	138818	155591	154556	156141	164918	174642	191899	202936	211273	214138	223509	230397	241060	244682	250898	262408	274491	286423	296213	308471	319014	333169	357575	373365	426777	442837	471573	511695	542882	558484	567850	588147	606825	635198	602469	621819	752834	660704	625023	619621	638533	645727	636725	633057	570939	572372	588199	585205	590370	587051	690372	735009	761197	778541	799953	664987	677902	679976	678449	654385	616400	1682194	
4	2169	37562	17150	259102	254743	34922	38542	48089	58757	70113	70888	70105	70293	78382	80010	86144	84264	79974	84656	86836	93736	98978	96142	92679	93880	97272	100216	106320	110297	113865	121026	126593	134563	137963	146794	147136	161302	171488	178863	185082	176871	175591	191286	192314	192633	201423	205111	203399	204326	208310	188346	182884	180080	180778	186030	172129	160832	155503	150220	146898	139913	127620	120004	111151	194633	204086	211394	223327	215257	215316	221519	211334	203670	188584	174280	643589	
)	0	0	0	0	0	81344	71853	78577	71623	68105	71622	89667	105995	113849	129453	143985	119911	124841	134481	140173	156506	173536	176356	181803	195339	238236	258081	260628	281694	285372	285837	289708	298098	290095	274618	271614	289616	264963	267053	268882	274069	279928	302783	288483	284922	284278	298226	309148	308286	328009	301929	292817	285308	285142	292967	306186	306907	296982	294036	285346	285729	271238	269622	259992	266971	267429	246050	227247	208236	183559	161740	128713	82110	35124	2126	0	
'	0	0	0	0	0	54	107	95	656	1196	1425	1724	2122	3056	3790	5773	5204	5279	5618	8060	8562	12119	10852	11986	13287	17506	22236	27153	28838	32026	36941	47797	49201	59340	62665	74032	78657	88894	98697	103019	111401	113989	122742	131536	131512	134169	142275	149598	150814	162242	147671	158296	160329	148888	153321	141986	136961	130619	133282	132135	131262	121250	119969	114436	116707	124968	116806	124225	107953	101432	79076	65075	41796	9544	150	0	
5	0	0	0	0	0	0	40	150	641	908	1190	1412	1669	2035	2513	3216	4677	5589	5526	6697	9525	12133	13170	17485	15478	16773	21159	24628	31079	34375	37076	45412	51230	58281	68549	74505	91717	98766	110998	136382	149286	153307	167946	188087	224479	243268	262623	281772	308238	331289	462793	418242	418000	428880	440952	466846	493273	503894	485436	524898	542901	549977	580164	600872	641324	667119	709194	740907	743146	780542	763352	749585	721207	661843	631753	2165707	
