/	0	0	0	0	0	0.00000	0.00000	0.00000	0.00000	0.00000	0.00000	0.00001	0.00001	0.00001	0.00002	0.00002	0.00002	0.00003	0.00003	0.00004	0.00005	0.00006	0.00006	0.00007	0.00008	0.00010	0.00012	0.00015	0.00018	0.00022	0.00026	0.00031	0.00035	0.00040	0.00046	0.00054	0.00061	0.00066	0.00076	0.00080	0.00085	0.00090	0.00095	0.00104	0.00104	0.00108	0.00114	0.00119	0.00122	0.00127	0.00125	0.00114	0.00112	0.00112	0.00124	0.00119	0.00114	0.00112	0.00103	0.00101	0.00099	0.00094	0.00090	0.00087	0.00089	0.00098	0.00088	0.00092	0.00085	0.00078	0.00072	0.00064	0.00051	0.00020	0.00002	0	
=	0.00801	0.01141	0.00849	0.00609	0.00618	0.00401	0.00375	0.00313	0.00261	0.00179	0.00105	0.00060	0.00059	0.00056	0.00062	0.00067	0.00065	0.00067	0.00070	0.00072	0.00079	0.00080	0.00081	0.00082	0.00092	0.00104	0.00112	0.00118	0.00139	0.00149	0.00165	0.00192	0.00215	0.00241	0.00269	0.00306	0.00342	0.00387	0.00447	0.00496	0.00563	0.00630	0.00684	0.00729	0.00789	0.00849	0.00917	0.00991	0.01055	0.01107	0.01634	0.01380	0.01267	0.01227	0.01244	0.01260	0.01293	0.01284	0.01297	0.01292	0.01281	0.01275	0.01279	0.01218	0.01176	0.01136	0.01108	0.01092	0.01065	0.01048	0.01029	0.01003	0.00890	0.00837	0.00767	0.02040	
7	0.00074	0.00061	0.00071	0.00066	0.00081	0.00009	0.00008	0.00012	0.00014	0.00012	0.00013	0.00014	0.00017	0.00018	0.00021	0.00023	0.00023	0.00024	0.00026	0.00027	0.00028	0.00030	0.00034	0.00036	0.00040	0.00044	0.00050	0.00054	0.00064	0.00071	0.00078	0.00094	0.00105	0.00111	0.00119	0.00134	0.00147	0.00161	0.00183	0.00196	0.00207	0.00222	0.00238	0.00254	0.00276	0.00293	0.00310	0.00339	0.00366	0.00385	0.00491	0.00456	0.00438	0.00425	0.00435	0.00446	0.00474	0.00469	0.00529	0.00548	0.00559	0.00554	0.00566	0.00567	0.00518	0.00527	0.00515	0.00503	0.00499	0.00343	0.00330	0.00300	0.00252	0.00217	0.00189	0.00644	
,	0	0	0	0	0	0.00019	0.00023	0.00029	0.00035	0.00044	0.00042	0.00042	0.00041	0.00044	0.00048	0.00047	0.00045	0.00043	0.00043	0.00038	0.00035	0.00035	0.00027	0.00024	0.00018	0.00017	0.00013	0.00009	0.00007	0.00006	0.00005	0.00005	0.00006	0.00008	0.00008	0.00009	0.00010	0.00011	0.00014	0.00016	0.00021	0.00021	0.00024	0.00027	0.00030	0.00033	0.00036	0.00042	0.00045	0.00051	0.00069	0.00060	0.00059	0.00060	0.00064	0.00070	0.00074	0.00073	0.00079	0.00083	0.00083	0.00083	0.00088	0.00084	0.00086	0.00085	0.00092	0.00095	0.00089	0.00096	0.00075	0.00064	0.00041	0.00010	0.00000	0	
2	0	0	0	0	0	0.00148	0.00168	0.00179	0.00192	0.00196	0.00197	0.00213	0.00213	0.00229	0.00233	0.00236	0.00239	0.00227	0.00049	0.00059	0.00068	0.00073	0.00081	0.00082	0.00084	0.00082	0.00087	0.00083	0.00073	0.00064	0.00051	0.00047	0.00040	0.00035	0.00031	0.00031	0.00035	0.00038	0.00044	0.00045	0.00047	0.00053	0.00058	0.00066	0.00064	0.00066	0.00071	0.00077	0.00075	0.00083	0.00079	0.00083	0.00088	0.00096	0.00102	0.00105	0.00112	0.00118	0.00122	0.00125	0.00122	0.00128	0.00131	0.00140	0.00148	0.00154	0.00164	0.00168	0.00176	0.00175	0.00173	0.00169	0.00159	0.00153	0.00147	0.00466	
E	0	0	0	0	0	0.01199	0.01460	0.01446	0.00005	0.00004	0.00003	0.00003	0.00003	0.03511	0.03596	0.03702	0.03619	0.03516	0.03070	0.03096	0.03153	0.03171	0.03065	0.02944	0.02908	0.02874	0.02843	0.02796	0.02794	0.02774	0.02761	0.02737	0.02721	0.02649	0.02636	0.02620	0.02684	0.02769	0.02816	0.02909	0.03004	0.03069	0.03242	0.03425	0.03631	0.03815	0.04073	0.04261	0.04518	0.04749	0.05413	0.05574	0.05600	0.05696	0.05838	0.06000	0.06258	0.06420	0.06700	0.07032	0.07268	0.07630	0.07663	0.07727	0.07701	0.07676	0.07767	0.07587	0.07671	0.07554	0.07319	0.07365	0.07297	0.07138	0.06898	0.03715	
1	0.00559	0.00558	0.00421	0.00113	0.00138	0.00063	0.00053	0.00058	0.00060	0.00051	0.00055	0.00068	0.00081	0.00121	0.00133	0.00144	0.00135	0.00135	0.00130	0.00136	0.00150	0.00164	0.00175	0.00178	0.00184	0.00195	0.00204	0.00202	0.00215	0.00216	0.00209	0.00206	0.00198	0.00179	0.00159	0.00144	0.00131	0.00121	0.00112	0.00097	0.00081	0.00076	0.00068	0.00065	0.00057	0.00052	0.00051	0.00050	0.00054	0.00051	0.00042	0.00044	0.00044	0.00050	0.00056	0.00051	0.00060	0.00047	0.00044	0.00048	0.00047	0.00048	0.00044	0.00047	0.00065	0.00069	0.00070	0.00071	0.00069	0.00084	0.00071	0.00072	0.00069	0.00066	0.00076	0.00174	
<	0.01228	0.01019	0.01115	0.00015	0.00020	0.00097	0.00130	0.00183	0.00478	0.00576	0.00651	0.00752	0.00776	0.00801	0.00814	0.00838	0.00832	0.00794	0.00767	0.00749	0.00749	0.00739	0.00704	0.00663	0.00632	0.00594	0.00571	0.00550	0.00537	0.00516	0.00506	0.00495	0.00491	0.00484	0.00483	0.00482	0.00505	0.00505	0.00511	0.00519	0.00510	0.00506	0.00522	0.00520	0.00520	0.00525	0.00540	0.00543	0.00565	0.00579	0.00592	0.00565	0.00578	0.00567	0.00573	0.00585	0.00595	0.00610	0.00632	0.00664	0.00681	0.00713	0.00740	0.00777	0.00665	0.00715	0.00733	0.00769	0.00811	0.00824	0.00837	0.00861	0.00874	0.00876	0.01248	0.02634	
J	0	0	0	0	0	0	0	0	0	0	0	0	0	0.49801	0.48609	0.47165	0.47030	0.47070	0.47588	0.46990	0.46140	0.44917	0.45428	0.47644	0.47414	0.47166	0.46465	0.45767	0.44695	0.43741	0.42902	0.42114	0.41391	0.40787	0.40094	0.39256	0.38250	0.37296	0.35995	0.34907	0.33877	0.32854	0.31911	0.30547	0.29484	0.28248	0.26883	0.25555	0.24227	0.22596	0.13825	0.13388	0.15364	0.16643	0.16315	0.15510	0.14447	0.13212	0.11953	0.10613	0.09450	0.08208	0.07220	0.06646	0.05891	0.05199	0.04597	0.03904	0.03337	0.02777	0.02345	0.01884	0.01561	0.01290	0.01058	0.00178	
>	0	0	0	0.00005	0.00006	0.00163	0.00156	0.00181	0.00205	0.00220	0.00222	0.00236	0.00242	0.00256	0.00276	0.00284	0.00266	0.00249	0.00264	0.00279	0.00292	0.00304	0.00282	0.00261	0.00272	0.00283	0.00290	0.00300	0.00308	0.00321	0.00339	0.00343	0.00355	0.00368	0.00385	0.00397	0.00423	0.00443	0.00459	0.00486	0.00514	0.00526	0.00570	0.00596	0.00634	0.00669	0.00724	0.00771	0.00819	0.00887	0.01003	0.00977	0.01008	0.01062	0.01129	0.01191	0.01255	0.01344	0.01425	0.01525	0.01600	0.01664	0.01739	0.01825	0.02112	0.02220	0.02339	0.02470	0.02542	0.02672	0.02807	0.02866	0.02961	0.02982	0.02894	0.06611	
B	0.10288	0.07921	0.05263	0.02232	0.02341	0.01659	0.01803	0.01914	0.01351	0.01456	0.01464	0.01469	0.01504	0.01673	0.01755	0.01815	0.01759	0.01683	0.01124	0.01149	0.01190	0.01223	0.01211	0.01203	0.01246	0.01289	0.01335	0.01394	0.01471	0.01548	0.01624	0.01698	0.01771	0.01858	0.01928	0.02019	0.02112	0.02179	0.02277	0.02327	0.02416	0.02496	0.02534	0.02587	0.02634	0.02680	0.02739	0.02785	0.02854	0.02954	0.04032	0.03554	0.03284	0.03259	0.03289	0.03413	0.03499	0.03691	0.03804	0.03997	0.04249	0.04466	0.04681	0.04873	0.05072	0.05211	0.05396	0.05617	0.05764	0.05937	0.06132	0.06280	0.06443	0.06590	0.06616	0.05431	
?	0.04407	0.03928	0.03548	0.00916	0.00997	0.00958	0.00904	0.01008	0.01074	0.01130	0.01149	0.01200	0.01270	0.00635	0.00675	0.00721	0.00737	0.00758	0.00782	0.00823	0.00888	0.00961	0.01033	0.01132	0.01183	0.01213	0.01294	0.01335	0.01401	0.01484	0.01542	0.01592	0.01590	0.01618	0.01587	0.01571	0.01553	0.01559	0.01531	0.01493	0.01446	0.01404	0.01376	0.01352	0.01326	0.01311	0.01293	0.01331	0.01335	0.01361	0.01856	0.01550	0.01446	0.01424	0.01450	0.01520	0.01587	0.01651	0.01680	0.01765	0.01897	0.01974	0.02041	0.02162	0.02228	0.02330	0.02445	0.02525	0.02636	0.02714	0.02777	0.02837	0.02926	0.02933	0.02993	0.04964	
H	0	0	0	0	0	0	0	0	0.72282	0.71293	0.71155	0.69953	0.68566	0.06219	0.06231	0.06358	0.06732	0.07039	0.07787	0.07726	0.07803	0.07978	0.08462	0.08200	0.07921	0.07632	0.07466	0.07377	0.07248	0.07203	0.07123	0.07114	0.06993	0.06912	0.06945	0.06948	0.07082	0.07219	0.07678	0.07881	0.07866	0.08080	0.08050	0.08301	0.08309	0.08537	0.08810	0.09004	0.09782	0.09927	0.12698	0.14030	0.12150	0.11237	0.10961	0.10666	0.10602	0.10383	0.10429	0.10416	0.10404	0.10326	0.09887	0.09211	0.08452	0.07985	0.07167	0.06646	0.06287	0.05897	0.05161	0.04952	0.04593	0.04096	0.03698	0.01307	
&	0	0	0	0	0	0	0.00000	0.00000	0.00000	0.00000	0.00000	0.00000	0.00000	0.00001	0.00001	0.00001	0.00001	0.00001	0.00001	0.00001	0.00001	0.00001	0.00001	0.00001	0.00001	0.00001	0.00002	0.00002	0.00002	0.00002	0.00002	0.00003	0.00003	0.00003	0.00004	0.00004	0.00004	0.00004	0.00005	0.00005	0.00006	0.00006	0.00008	0.00008	0.00009	0.00010	0.00010	0.00012	0.00014	0.00016	0.00014	0.00017	0.00018	0.00018	0.00021	0.00024	0.00025	0.00026	0.00028	0.00032	0.00033	0.00033	0.00035	0.00043	0.00046	0.00057	0.00054	0.00055	0.00056	0.00052	0.00047	0.00037	0.00021	0.00005	0	0	
D	0	0	0	0.16113	0.16838	0.15723	0.16095	0.15802	0.04979	0.05122	0.05148	0.05327	0.05557	0.01029	0.01081	0.01139	0.01129	0.01113	0.01156	0.01215	0.01280	0.01363	0.01403	0.01472	0.01573	0.01664	0.01767	0.01887	0.02025	0.02144	0.02276	0.02419	0.02511	0.02650	0.02767	0.02864	0.02955	0.03008	0.03147	0.03206	0.03310	0.03452	0.03584	0.03753	0.03919	0.04123	0.04368	0.04692	0.05151	0.05517	0.05826	0.06024	0.06611	0.07326	0.07963	0.08562	0.09277	0.09979	0.10674	0.11224	0.11901	0.12709	0.13581	0.14250	0.15029	0.15568	0.16051	0.16704	0.17207	0.17587	0.18103	0.18539	0.18639	0.19044	0.19421	0.07799	
I	0	0	0	0	0	0	0	0	0	0	0	0	0	0.18691	0.19066	0.19381	0.19489	0.19629	0.20059	0.20356	0.20448	0.20791	0.20089	0.18389	0.18575	0.18883	0.19219	0.19571	0.19980	0.20287	0.20484	0.20564	0.20844	0.20958	0.21063	0.21247	0.21195	0.21236	0.21160	0.21204	0.21349	0.21238	0.21025	0.20957	0.20903	0.20627	0.20187	0.19765	0.19302	0.18876	0.15038	0.16819	0.17905	0.16827	0.15875	0.15069	0.14181	0.13393	0.12400	0.11509	0.10418	0.09441	0.08532	0.07780	0.07092	0.06305	0.05634	0.04934	0.04393	0.03777	0.03303	0.02848	0.02455	0.02037	0.01673	0.00487	
G	0	0	0	0	0	0	0	0	0.05649	0.06199	0.06290	0.06399	0.06748	0.09048	0.09270	0.09597	0.09492	0.09288	0.08009	0.08172	0.08372	0.08642	0.08378	0.08167	0.08314	0.08396	0.08493	0.08613	0.08829	0.09020	0.09208	0.09305	0.09448	0.09513	0.09640	0.09735	0.09802	0.09840	0.09747	0.09813	0.09861	0.09930	0.09864	0.09931	0.09929	0.09915	0.09876	0.09778	0.09062	0.09041	0.10497	0.10405	0.09505	0.08831	0.08579	0.08225	0.07935	0.07749	0.07551	0.07238	0.06906	0.06594	0.06246	0.05782	0.05456	0.05005	0.04540	0.04128	0.03799	0.03387	0.03100	0.02827	0.02484	0.02168	0.01861	0.00990	
(	0	0	0	0	0	0	0	0.00000	0.00001	0.00001	0.00001	0.00002	0.00002	0.00003	0.00004	0.00005	0.00004	0.00005	0.00005	0.00007	0.00009	0.00010	0.00012	0.00016	0.00018	0.00021	0.00026	0.00029	0.00035	0.00044	0.00049	0.00060	0.00065	0.00074	0.00081	0.00088	0.00100	0.00107	0.00133	0.00135	0.00145	0.00144	0.00158	0.00169	0.00172	0.00179	0.00199	0.00224	0.00221	0.00248	0.00228	0.00225	0.00228	0.00240	0.00261	0.00273	0.00295	0.00289	0.00296	0.00311	0.00309	0.00320	0.00317	0.00340	0.00356	0.00395	0.00398	0.00400	0.00396	0.00403	0.00354	0.00299	0.00190	0.00057	0.00000	0	
F	0	0	0	0.77520	0.76402	0.76306	0.75744	0.75665	0.09469	0.09643	0.09554	0.09940	0.10331	0.02950	0.02991	0.03100	0.03133	0.03159	0.03104	0.03085	0.03132	0.03207	0.03238	0.03257	0.03233	0.03172	0.03207	0.03260	0.03295	0.03351	0.03427	0.03521	0.03575	0.03610	0.03698	0.03754	0.03828	0.03931	0.04138	0.04234	0.04371	0.04517	0.04673	0.04915	0.05017	0.05245	0.05396	0.05520	0.05618	0.05838	0.07919	0.06805	0.06522	0.06665	0.06745	0.07069	0.07153	0.07516	0.07711	0.07822	0.07962	0.08115	0.08329	0.08401	0.08233	0.08117	0.08241	0.08034	0.07472	0.07109	0.06624	0.05727	0.05323	0.05157	0.04867	0.01831	
:	0.00374	0.00640	0.00494	0.00278	0.00307	0.00341	0.00321	0.00350	0.00378	0.00396	0.00399	0.00425	0.00451	0.00463	0.00482	0.00503	0.00481	0.00462	0.00460	0.00445	0.00453	0.00466	0.00466	0.00478	0.00473	0.00464	0.00470	0.00468	0.00481	0.00497	0.00500	0.00503	0.00489	0.00487	0.00453	0.00419	0.00389	0.00372	0.00355	0.00327	0.00302	0.00273	0.00256	0.00231	0.00228	0.00218	0.00215	0.00217	0.00198	0.00205	0.00244	0.00217	0.00210	0.00194	0.00388	0.00412	0.00431	0.00463	0.00465	0.00504	0.00522	0.00554	0.00595	0.00621	0.00661	0.00720	0.00768	0.00831	0.00852	0.00911	0.00970	0.00999	0.01038	0.01044	0.01016	0.02772	
*	0	0	0	0	0	0	0	0.00000	0.00000	0.00000	0.00001	0.00002	0.00005	0.00005	0.00007	0.00011	0.00013	0.00017	0.00023	0.00030	0.00043	0.00053	0.00062	0.00074	0.00091	0.00119	0.00134	0.00152	0.00173	0.00196	0.00220	0.00231	0.00243	0.00251	0.00256	0.00249	0.00260	0.00264	0.00263	0.00249	0.00229	0.00196	0.00199	0.00179	0.00162	0.00157	0.00150	0.00140	0.00127	0.00120	0.00096	0.00078	0.00068	0.00058	0.00052	0.00047	0.00038	0.00035	0.00025	0.00018	0.00014	0.00010	0.00007	0.00005	0.00003	0.00002	0.00001	0.00000	0.00000	0.00000	0.00000	0.00000	0.00000	0.00000	0	0	
-	0	0	0	0	0	0	0.00000	0.00000	0.00000	0.00001	0.00001	0.00001	0.00001	0.00001	0.00002	0.00003	0.00003	0.00003	0.00003	0.00004	0.00004	0.00007	0.00007	0.00008	0.00008	0.00010	0.00012	0.00015	0.00017	0.00019	0.00020	0.00025	0.00028	0.00033	0.00036	0.00039	0.00045	0.00051	0.00053	0.00063	0.00071	0.00067	0.00068	0.00073	0.00074	0.00074	0.00075	0.00077	0.00080	0.00081	0.00104	0.00091	0.00082	0.00080	0.00073	0.00073	0.00072	0.00069	0.00067	0.00069	0.00068	0.00062	0.00064	0.00067	0.00070	0.00073	0.00072	0.00074	0.00072	0.00069	0.00065	0.00056	0.00039	0.00015	0.00001	0	
C	0.51819	0.60021	0.65046	0	0	0.00000	0.00000	0.00000	0.01047	0.00997	0.01001	0.01096	0.01149	0.01281	0.01293	0.01338	0.01359	0.01360	0.01911	0.01917	0.01946	0.01960	0.01941	0.01901	0.01865	0.01810	0.01804	0.01762	0.01750	0.01752	0.01745	0.01731	0.01706	0.01713	0.01694	0.01697	0.01735	0.01778	0.01819	0.01876	0.01945	0.02040	0.02184	0.02303	0.02435	0.02582	0.02773	0.02961	0.03211	0.03441	0.04480	0.04360	0.04267	0.04401	0.04673	0.04924	0.05288	0.05585	0.05955	0.06298	0.06678	0.07041	0.07415	0.07848	0.08332	0.08755	0.09202	0.09671	0.10124	0.10613	0.11211	0.11636	0.12111	0.12473	0.12908	0.11617	
0	0	0	0	0	0	0.00066	0.00061	0.00056	0.00051	0.00045	0.00047	0.00055	0.00063	0.00014	0.00018	0.00024	0.00026	0.00029	0.00033	0.00039	0.00049	0.00060	0.00071	0.00086	0.00101	0.00117	0.00136	0.00152	0.00169	0.00187	0.00198	0.00215	0.00228	0.00247	0.00246	0.00244	0.00250	0.00239	0.00244	0.00239	0.00238	0.00221	0.00211	0.00202	0.00182	0.00165	0.00153	0.00152	0.00136	0.00133	0.00136	0.00110	0.00103	0.00084	0.00077	0.00076	0.00073	0.00073	0.00073	0.00081	0.00082	0.00083	0.00087	0.00095	0.00090	0.00101	0.00105	0.00107	0.00112	0.00117	0.00117	0.00115	0.00109	0.00102	0.00107	0.00335	
.	0	0	0	0	0	0	0	0.00000	0.00000	0.00000	0.00000	0.00000	0.00001	0.00001	0.00001	0.00001	0.00002	0.00003	0.00003	0.00003	0.00004	0.00005	0.00006	0.00008	0.00009	0.00011	0.00013	0.00014	0.00017	0.00021	0.00024	0.00030	0.00033	0.00038	0.00045	0.00051	0.00056	0.00062	0.00076	0.00081	0.00090	0.00099	0.00109	0.00116	0.00121	0.00129	0.00142	0.00153	0.00164	0.00176	0.00233	0.00199	0.00176	0.00167	0.00173	0.00177	0.00187	0.00177	0.00174	0.00169	0.00166	0.00156	0.00153	0.00134	0.00134	0.00128	0.00123	0.00112	0.00100	0.00093	0.00084	0.00065	0.00044	0.00018	0.00001	0	
@	0.27795	0.23482	0.21977	0.00014	0.00018	0.00482	0.00402	0.00348	0.00228	0.00185	0.00202	0.00230	0.00255	0.00898	0.00942	0.00990	0.00934	0.00903	0.00909	0.00918	0.00934	0.00954	0.00944	0.00931	0.00948	0.00949	0.00985	0.01009	0.01050	0.01058	0.01089	0.01136	0.01152	0.01191	0.01223	0.01261	0.01306	0.01346	0.01391	0.01443	0.01478	0.01530	0.01618	0.01643	0.01722	0.01787	0.01852	0.01934	0.02011	0.02098	0.02702	0.02437	0.02349	0.02353	0.02405	0.02477	0.02548	0.02624	0.02706	0.02806	0.02879	0.02900	0.02998	0.03119	0.03309	0.03455	0.03618	0.03756	0.03838	0.03986	0.04189	0.04292	0.04433	0.04530	0.04606	0.07424	
;	0.01193	0.00736	0.00739	0.00340	0.00384	0.00269	0.00272	0.00321	0.00148	0.00150	0.00154	0.00163	0.00179	0.00188	0.00205	0.00214	0.00206	0.00203	0.00206	0.00216	0.00221	0.00225	0.00234	0.00225	0.00232	0.00241	0.00259	0.00268	0.00289	0.00302	0.00310	0.00330	0.00361	0.00383	0.00405	0.00444	0.00483	0.00514	0.00550	0.00621	0.00654	0.00703	0.00759	0.00790	0.00845	0.00883	0.00927	0.00986	0.01026	0.01083	0.01377	0.01296	0.01257	0.01294	0.01331	0.01365	0.01412	0.01439	0.01586	0.01664	0.01720	0.01729	0.01759	0.01822	0.01882	0.01944	0.02013	0.02040	0.02041	0.02064	0.02053	0.02006	0.01983	0.01909	0.01382	0.04241	
6	0	0	0	0	0	0.00028	0.00022	0.00022	0.00023	0.00021	0.00024	0.00029	0.00035	0.00038	0.00044	0.00049	0.00047	0.00046	0.00050	0.00057	0.00063	0.00072	0.00074	0.00083	0.00092	0.00102	0.00116	0.00124	0.00142	0.00144	0.00150	0.00164	0.00179	0.00189	0.00186	0.00198	0.00201	0.00208	0.00205	0.00207	0.00210	0.00215	0.00218	0.00222	0.00211	0.00210	0.00219	0.00236	0.00232	0.00241	0.00264	0.00248	0.00246	0.00235	0.00253	0.00249	0.00262	0.00271	0.00263	0.00270	0.00256	0.00259	0.00250	0.00241	0.00244	0.00251	0.00242	0.00245	0.00238	0.00240	0.00235	0.00218	0.00214	0.00182	0.00155	0.00539	
A	0	0	0	0.01355	0.01406	0.01606	0.01559	0.01608	0.01509	0.01493	0.01511	0.01638	0.01713	0.01224	0.01253	0.01285	0.01278	0.01235	0.01190	0.01165	0.01153	0.01133	0.01096	0.01042	0.00988	0.00925	0.00903	0.00875	0.00844	0.00818	0.00796	0.00798	0.00787	0.00792	0.00800	0.00828	0.00873	0.00912	0.00957	0.01022	0.01079	0.01127	0.01189	0.01236	0.01302	0.01353	0.01441	0.01534	0.01630	0.01701	0.02174	0.02101	0.02040	0.02072	0.02085	0.02116	0.02218	0.02330	0.02412	0.02574	0.02691	0.02781	0.02878	0.02977	0.03060	0.03165	0.03230	0.03401	0.03557	0.03653	0.03791	0.03951	0.04031	0.04088	0.04151	0.06077	
3	0	0	0	0	0	0.00050	0.00051	0.00059	0.00073	0.00077	0.00076	0.00083	0.00087	0.00095	0.00106	0.00109	0.00101	0.00099	0.00276	0.00256	0.00245	0.00231	0.00208	0.00182	0.00165	0.00157	0.00147	0.00134	0.00131	0.00129	0.00134	0.00132	0.00132	0.00134	0.00137	0.00141	0.00149	0.00150	0.00153	0.00159	0.00171	0.00172	0.00192	0.00183	0.00188	0.00197	0.00218	0.00233	0.00234	0.00254	0.00257	0.00254	0.00262	0.00276	0.00298	0.00319	0.00333	0.00358	0.00383	0.00402	0.00422	0.00435	0.00460	0.00488	0.00443	0.00493	0.00501	0.00513	0.00526	0.00552	0.00535	0.00548	0.00530	0.00521	0.00529	0.01350	
#	0.00019	0.00019	0.00020	0.00021	0.00022	0.00045	0.00048	0.00058	0.00065	0.00069	0.00078	0.00085	0.00094	0.00106	0.00122	0.00135	0.00150	0.00170	0.00187	0.00209	0.00235	0.00264	0.00302	0.00347	0.00397	0.00460	0.00526	0.00600	0.00688	0.00779	0.00872	0.00970	0.01077	0.01190	0.01312	0.01469	0.01649	0.01812	0.01973	0.02125	0.02283	0.02445	0.02622	0.02798	0.02982	0.03177	0.03388	0.03610	0.03832	0.04061	0.04291	0.04494	0.04724	0.05030	0.05318	0.05729	0.06020	0.06331	0.06659	0.07000	0.07404	0.07809	0.08288	0.08776	0.09293	0.09884	0.10496	0.11161	0.11884	0.12718	0.13665	0.14729	0.15945	0.17331	0.18772	0.20581	
9	0	0	0	0	0	0.00000	0.00000	0.00000	0.00000	0.00001	0.00003	0.00006	0.00011	0.00103	0.00119	0.00129	0.00135	0.00142	0.00164	0.00197	0.00227	0.00253	0.00270	0.00280	0.00312	0.00339	0.00365	0.00386	0.00411	0.00435	0.00460	0.00467	0.00483	0.00495	0.00498	0.00507	0.00529	0.00541	0.00544	0.00545	0.00537	0.00521	0.00534	0.00529	0.00519	0.00517	0.00525	0.00528	0.00555	0.00568	0.00636	0.00544	0.00524	0.00528	0.00344	0.00353	0.00355	0.00361	0.00333	0.00333	0.00332	0.00337	0.00346	0.00359	0.00369	0.00396	0.00404	0.00424	0.00445	0.00724	0.00721	0.00753	0.00760	0.00755	0.00726	0.01887	
+	0.00756	0.00167	0.00167	0.00177	0.00201	0.00118	0.00121	0.00143	0.00167	0.00175	0.00177	0.00196	0.00208	0.00217	0.00231	0.00245	0.00213	0.00203	0.00203	0.00196	0.00202	0.00188	0.00167	0.00147	0.00134	0.00134	0.00117	0.00101	0.00090	0.00069	0.00047	0.00035	0.00025	0.00015	0.00008	0.00004	0.00003	0.00003	0.00003	0.00003	0.00003	0.00003	0.00004	0.00004	0.00005	0.00006	0.00006	0.00007	0.00008	0.00009	0.00014	0.00013	0.00013	0.00014	0.00016	0.00017	0.00020	0.00022	0.00023	0.00026	0.00027	0.00029	0.00032	0.00034	0.00037	0.00041	0.00047	0.00049	0.00051	0.00052	0.00050	0.00042	0.00029	0.00008	0.00000	0	
8	0.00686	0.00274	0.00275	0	0	0.00150	0.00129	0.00135	0.00141	0.00142	0.00149	0.00169	0.00182	0.00108	0.00121	0.00135	0.00134	0.00136	0.00143	0.00152	0.00167	0.00176	0.00184	0.00186	0.00194	0.00200	0.00210	0.00213	0.00218	0.00228	0.00239	0.00249	0.00258	0.00268	0.00277	0.00290	0.00311	0.00325	0.00371	0.00385	0.00410	0.00445	0.00472	0.00486	0.00494	0.00511	0.00528	0.00552	0.00524	0.00541	0.00655	0.00575	0.00543	0.00539	0.00555	0.00561	0.00554	0.00550	0.00496	0.00498	0.00511	0.00509	0.00513	0.00510	0.00600	0.00639	0.00662	0.00677	0.00696	0.00578	0.00589	0.00591	0.00590	0.00569	0.00536	0.01463	
4	0.00002	0.00033	0.00015	0.00225	0.00222	0.00030	0.00034	0.00042	0.00051	0.00061	0.00062	0.00061	0.00061	0.00068	0.00070	0.00075	0.00073	0.00070	0.00074	0.00076	0.00082	0.00086	0.00084	0.00081	0.00082	0.00085	0.00087	0.00092	0.00096	0.00099	0.00105	0.00110	0.00117	0.00120	0.00128	0.00128	0.00140	0.00149	0.00156	0.00161	0.00154	0.00153	0.00166	0.00167	0.00168	0.00175	0.00178	0.00177	0.00178	0.00181	0.00164	0.00159	0.00157	0.00157	0.00162	0.00150	0.00140	0.00135	0.00131	0.00128	0.00122	0.00111	0.00104	0.00097	0.00169	0.00177	0.00184	0.00194	0.00187	0.00187	0.00193	0.00184	0.00177	0.00164	0.00152	0.00560	
)	0	0	0	0	0	0.00071	0.00062	0.00068	0.00062	0.00059	0.00062	0.00078	0.00092	0.00099	0.00113	0.00125	0.00104	0.00109	0.00117	0.00122	0.00136	0.00151	0.00153	0.00158	0.00170	0.00207	0.00224	0.00227	0.00245	0.00248	0.00249	0.00252	0.00259	0.00252	0.00239	0.00236	0.00252	0.00230	0.00232	0.00234	0.00238	0.00243	0.00263	0.00251	0.00248	0.00247	0.00259	0.00269	0.00268	0.00285	0.00263	0.00255	0.00248	0.00248	0.00255	0.00266	0.00267	0.00258	0.00256	0.00248	0.00248	0.00236	0.00234	0.00226	0.00232	0.00233	0.00214	0.00198	0.00181	0.00160	0.00141	0.00112	0.00071	0.00031	0.00002	0	
'	0	0	0	0	0	0.00000	0.00000	0.00000	0.00001	0.00001	0.00001	0.00001	0.00002	0.00003	0.00003	0.00005	0.00005	0.00005	0.00005	0.00007	0.00007	0.00011	0.00009	0.00010	0.00012	0.00015	0.00019	0.00024	0.00025	0.00028	0.00032	0.00042	0.00043	0.00052	0.00054	0.00064	0.00068	0.00077	0.00086	0.00090	0.00097	0.00099	0.00107	0.00114	0.00114	0.00117	0.00124	0.00130	0.00131	0.00141	0.00128	0.00138	0.00139	0.00129	0.00133	0.00123	0.00119	0.00114	0.00116	0.00115	0.00114	0.00105	0.00104	0.00100	0.00101	0.00109	0.00102	0.00108	0.00094	0.00088	0.00069	0.00057	0.00036	0.00008	0.00000	0	
5	0	0	0	0	0	0	0.00000	0.00000	0.00001	0.00001	0.00001	0.00001	0.00001	0.00002	0.00002	0.00003	0.00004	0.00005	0.00005	0.00006	0.00008	0.00011	0.00011	0.00015	0.00013	0.00015	0.00018	0.00021	0.00027	0.00030	0.00032	0.00039	0.00045	0.00051	0.00060	0.00065	0.00080	0.00086	0.00097	0.00119	0.00130	0.00133	0.00146	0.00164	0.00195	0.00212	0.00228	0.00245	0.00268	0.00288	0.00402	0.00364	0.00363	0.00373	0.00383	0.00406	0.00429	0.00438	0.00422	0.00456	0.00472	0.00478	0.00504	0.00522	0.00558	0.00580	0.00617	0.00644	0.00646	0.00679	0.00664	0.00652	0.00627	0.00576	0.00549	0.01883	
