/	0	13	9	13	18	7	9	12	12	7	7	9	13	7	5	6	12	4	5	10	21	8	6	2	4	6	10	10	13	3	7	12	9	17	10	15	12	11	16	15	14	16	8	19	18	20	14	22	19	19	39	26	34	32	23	28	24	36	29	24	16	24	26	22	30	32	21	22	34	20	18	24	22	25	11	0	
=	963	1266	1232	1200	1178	1139	1129	1109	1133	1077	977	1043	1038	1103	1124	1106	1109	1142	1184	1164	1143	1170	1193	1223	1227	1206	1212	1198	1333	1383	1274	1275	1312	1475	1404	1417	1463	1539	1499	1565	1544	1700	1589	1731	1746	1729	1814	1963	2038	2129	2291	2366	2315	2330	2322	2437	2474	2553	2497	2501	2494	2640	2624	2754	2846	2852	3008	2911	3054	3118	3071	3066	3274	3334	3282	3892	
7	28	50	50	56	46	44	35	48	46	40	25	50	44	32	37	38	43	47	58	46	50	54	51	54	49	55	59	51	49	64	62	57	51	50	67	71	87	52	67	73	71	70	72	77	78	91	76	97	76	110	101	101	110	98	111	115	112	112	102	126	90	90	106	83	132	75	102	108	104	107	98	100	106	115	125	125	
,	8	31	29	36	49	50	39	39	27	25	37	37	46	39	33	42	36	41	28	38	42	37	36	43	36	49	58	54	57	58	59	65	70	71	72	89	64	84	62	93	84	95	101	119	123	135	123	126	134	151	173	211	190	181	174	182	187	163	164	156	160	174	160	176	179	195	197	192	173	179	165	183	210	192	136	0	
2	0	20	26	31	26	39	31	25	21	21	30	24	22	30	17	32	37	28	30	26	29	33	27	18	24	32	25	38	24	34	50	40	39	46	25	56	39	29	38	44	66	44	55	50	49	66	68	54	56	63	89	76	71	65	66	76	79	69	52	63	57	73	69	68	56	85	76	73	65	75	70	63	54	69	69	109	
E	7377	7343	7228	7357	7312	7288	7527	7438	7625	7724	7542	7764	7699	7907	7958	7755	7938	8080	8158	8153	8016	8095	8323	8429	8367	8539	8748	9212	9349	9261	9265	9785	10104	10260	10407	10144	10818	10710	10988	11113	11380	11623	11574	11783	12146	12245	12582	12579	12823	13737	13747	14236	14286	14145	14531	14553	14591	14621	14454	14371	14585	14366	14866	14729	14794	14975	15103	15186	15127	15097	14904	14971	14978	14785	14658	12796	
1	0	16	18	23	21	11	10	14	17	14	15	21	18	13	14	23	16	13	9	15	16	17	7	18	18	15	21	17	25	18	20	26	28	25	27	30	36	32	34	28	40	42	38	31	40	48	53	41	42	41	68	59	47	50	31	67	45	55	42	34	49	35	40	40	34	40	48	43	43	46	35	38	29	51	48	71	
<	33	91	72	60	64	57	74	92	75	58	49	54	53	72	78	56	54	90	71	71	63	80	72	58	76	64	71	81	76	73	80	90	94	103	105	101	108	102	112	110	108	97	136	107	130	116	135	145	153	135	171	171	204	193	212	181	181	179	198	206	167	211	209	225	219	199	206	238	213	230	251	269	236	273	262	191	
>	250	373	305	373	351	380	378	358	348	333	364	332	349	356	337	370	362	331	327	322	342	319	331	346	324	374	355	350	347	326	349	336	372	363	361	419	396	409	408	408	422	410	451	430	424	498	479	482	509	519	525	587	619	642	671	603	632	641	660	706	630	646	645	675	662	588	674	716	725	717	609	720	746	746	745	525	
B	1324	1893	1850	1840	1873	1860	1833	1758	1807	1856	1652	1744	1925	1978	1946	1797	1853	1939	1925	2067	2065	2150	2123	2071	2262	2203	2218	2447	2599	2667	2651	2807	2943	3003	3030	3026	3352	3373	3555	3549	3668	3797	3827	4111	4194	4360	4450	4907	4979	5312	5657	5877	5777	5854	5995	6098	6170	6254	6309	6377	6315	6559	6596	6789	6938	7080	7138	7346	7491	7526	7706	7922	8001	8107	8319	7967	
?	1063	1332	1539	1360	1362	1345	1339	1329	1325	1356	1233	1271	1280	1308	1340	1409	1288	1398	1430	1403	1441	1459	1479	1470	1520	1489	1563	1638	1653	1714	1693	1709	1736	1803	1861	1793	1941	1980	2026	2130	2118	2172	2109	2227	2292	2350	2370	2568	2674	2939	2982	3183	3138	3270	3381	3192	3283	3495	3509	3425	3544	3626	3660	3885	4073	3962	4061	4143	4370	4478	4362	4657	4842	4893	5099	5293	
&	0	0	0	0	0	0	1	0	0	0	1	0	1	0	0	1	0	0	0	0	0	0	0	1	2	1	0	0	0	4	0	4	5	1	1	3	2	3	1	6	7	5	2	4	1	11	8	5	10	9	11	22	15	10	6	17	12	6	4	12	7	8	8	5	5	9	8	11	11	7	8	7	4	3	5	0	
D	6814	6513	6688	6677	6824	6861	6332	6468	6498	6764	6681	6685	6667	6863	6956	7025	7169	7117	7184	7306	7254	7452	7404	7382	7457	7554	7600	7324	7227	7521	7837	7627	7807	7933	7905	7990	8115	8042	8191	8261	8159	8246	8172	8124	7975	8058	8078	7919	8036	7769	7801	7982	7969	7937	8145	7954	8038	8100	8289	8350	8431	8546	8504	8536	8527	8373	8449	8518	8513	8404	8460	8259	7981	8034	8118	8070	
G	47843	45271	45133	45265	45034	45358	46057	45824	45450	44712	46137	45436	44954	44229	43836	44219	43333	42892	42639	42212	42737	41952	41448	41159	40725	40592	39962	38975	38530	37857	37714	36695	35415	34695	34396	34666	32814	32580	31598	31068	31016	29795	29602	28709	27970	27936	26467	25328	24278	22440	21781	19850	19874	19573	18778	18981	18223	17512	17146	17046	17454	16059	15269	14379	13757	14193	12642	12043	11386	10978	10822	9609	8708	8189	7233	8889	
(	0	0	3	6	4	9	3	5	4	4	3	2	2	4	1	5	2	6	4	7	4	2	5	3	7	4	4	9	8	6	13	8	10	9	21	19	13	14	13	10	18	12	15	20	22	20	19	35	22	30	51	48	35	32	28	46	29	37	35	29	28	20	39	21	37	52	34	28	35	30	52	48	45	36	24	0	
$	0	0	0	0	0	0	0	0	0	0	0	0	0	0	0	0	0	0	0	0	0	0	0	0	0	0	0	0	0	0	0	0	0	1	0	0	0	0	0	0	1	0	1	0	0	0	0	0	0	1	0	3	0	0	1	0	0	0	0	0	0	0	1	0	0	0	1	0	0	0	1	0	0	0	0	0	
F	10861	11099	11207	11420	11584	11488	10837	11198	11207	11744	11777	11680	11864	11983	12170	12263	12422	12481	12490	12647	12561	12776	12844	12935	12919	13059	12969	13069	13113	13185	13085	13428	13620	13638	13683	13591	13705	13532	13895	13885	13588	13654	13747	13736	13824	13418	13597	13310	13338	12896	12060	11911	12117	12221	12028	11952	12032	11956	12121	12159	12034	12003	11780	11626	11168	10705	10643	10519	10217	9974	9824	9423	9126	8967	8314	8225	
:	581	960	898	798	804	764	781	812	761	786	631	703	714	775	774	657	759	808	758	806	780	738	854	861	887	846	858	862	989	945	942	975	967	995	1082	1053	1135	1103	1105	1179	1139	1308	1278	1226	1311	1332	1338	1465	1558	1747	1788	1997	1844	1896	1878	1946	2002	1998	1989	1975	1880	1993	2144	2171	2162	2273	2305	2300	2423	2516	2527	2551	2599	2661	2691	3414	
*	0	17	14	18	20	14	14	8	10	11	12	9	11	13	11	10	13	12	16	14	24	14	22	17	12	25	16	22	23	15	34	28	24	32	23	44	33	25	31	28	45	36	37	41	40	54	46	35	57	54	102	78	72	66	54	93	65	65	33	46	83	65	55	62	66	76	62	45	49	47	54	51	39	37	32	0	
-	126	249	243	211	257	209	232	201	208	166	141	170	200	198	201	149	177	208	199	199	175	187	226	262	241	189	222	239	256	260	209	242	272	317	333	229	300	338	352	348	290	332	370	382	394	288	361	422	503	611	489	664	665	635	613	493	568	659	652	613	424	568	686	664	664	587	683	686	769	716	617	717	756	720	486	0	
0	0	13	13	19	23	18	15	15	9	10	12	12	12	11	8	21	7	12	10	14	14	9	12	13	12	18	16	20	22	16	12	16	23	20	19	29	22	23	17	28	35	28	28	35	24	30	31	35	43	33	48	44	39	29	35	49	49	42	32	42	49	50	32	35	38	43	40	41	40	55	42	39	37	47	44	74	
C	1275	1260	1188	1157	1094	1022	1294	1217	1269	1354	1017	1141	1219	1229	1207	1051	1256	1223	1289	1285	1172	1265	1289	1324	1410	1289	1451	1774	1748	1853	1738	1830	2006	2045	1945	1908	2079	2273	2285	2278	2236	2445	2528	2615	2668	2614	2837	3063	3112	3217	3351	3574	3556	3607	3707	3579	3735	3690	3862	3838	3754	3979	4144	4161	4288	4189	4489	4775	4654	4669	4791	5040	5358	5366	5710	4314	
.	46	69	67	40	51	62	47	43	46	36	39	32	36	36	26	66	41	43	37	34	52	50	46	42	37	61	55	45	24	50	73	53	55	50	38	91	71	66	46	56	77	79	56	37	44	77	75	65	52	53	132	113	83	74	65	130	96	87	59	62	111	81	70	53	53	111	77	55	56	45	99	56	38	16	13	0	
@	303	379	341	348	281	258	341	359	383	349	228	286	310	308	312	262	301	329	330	347	240	276	309	307	329	311	341	415	373	370	376	442	437	426	451	452	533	591	507	551	536	613	618	633	687	687	771	843	918	1003	1052	1083	1177	1152	1268	1207	1244	1297	1227	1334	1184	1341	1357	1466	1546	1513	1637	1730	1745	1730	1743	1971	2088	2200	2393	1736	
;	176	192	227	227	262	251	228	214	214	188	209	229	220	187	214	246	238	214	218	220	239	243	219	220	207	232	230	203	192	216	207	173	202	207	190	213	208	175	207	227	204	203	193	219	190	220	248	253	207	257	222	256	262	267	240	233	269	275	272	238	242	241	223	253	263	238	235	235	257	241	228	224	262	214	262	259	
6	57	91	102	93	151	149	129	141	113	111	113	112	117	125	97	124	134	127	118	115	132	104	111	116	113	137	127	109	102	125	145	135	117	126	122	155	130	129	99	131	129	133	127	123	115	147	127	135	123	118	178	163	154	136	132	163	149	154	119	125	157	144	112	132	116	149	150	129	114	121	149	127	103	103	99	274	
A	1652	1863	1906	1837	1795	1830	1790	1772	1865	1792	1688	1750	1745	1738	1854	1761	1856	1892	1948	1891	1855	1955	1942	2005	2122	1992	2102	2134	2084	2104	2210	2161	2330	2271	2322	2333	2371	2559	2540	2484	2618	2547	2780	2788	2812	2745	2941	3063	3068	3213	3459	3528	3528	3635	3549	3569	3656	3733	3898	3792	3772	3984	3919	4089	4327	4203	4446	4371	4476	4560	4558	4779	4947	4919	5103	5136	
3	10	36	28	22	35	30	29	21	34	24	27	31	25	27	20	40	41	25	26	28	33	31	25	30	24	36	30	35	44	30	32	37	36	38	37	44	46	36	44	45	48	51	51	44	37	51	43	56	71	64	80	75	63	62	71	89	63	81	58	69	77	65	64	70	75	65	85	71	64	66	75	88	83	91	91	129	
#	34	40	44	46	50	55	57	56	71	73	74	74	78	86	94	98	102	108	117	125	132	137	142	149	157	177	183	196	232	254	285	298	308	351	374	412	428	454	479	517	551	577	597	628	684	763	813	879	945	1032	1142	1203	1272	1319	1395	1477	1514	1569	1633	1743	1866	1929	2037	2146	2309	2557	2649	2783	3001	3334	3869	4082	4375	4843	5679	7115	
%	0	0	0	0	0	0	0	0	0	0	0	0	0	0	1	0	0	1	1	1	0	1	0	0	0	1	2	1	1	1	1	2	2	4	3	3	1	3	3	0	3	7	2	3	4	5	8	3	3	1	9	3	7	11	7	9	7	3	3	6	4	6	2	7	1	2	2	4	2	5	3	0	3	4	1	0	
9	63	111	107	113	104	93	99	95	81	85	87	68	75	70	58	104	93	85	86	88	82	91	93	75	75	86	90	71	75	74	94	102	81	72	91	111	94	84	105	85	126	106	94	102	95	116	100	114	98	106	142	138	115	136	123	142	120	143	129	122	112	114	119	149	132	118	137	129	112	114	122	122	126	131	163	166	
+	0	8	13	24	28	34	27	21	18	13	21	9	20	15	17	35	25	19	23	24	32	19	17	16	20	38	33	28	26	27	39	43	49	47	42	43	42	41	44	40	50	60	58	55	46	71	57	56	60	72	117	115	81	85	83	120	85	92	71	74	97	74	69	77	86	84	90	71	81	78	89	80	84	80	71	0	
8	1	39	40	36	36	26	42	42	44	34	29	32	34	36	38	28	38	44	46	27	38	31	33	36	34	35	49	37	43	44	42	55	40	41	49	51	57	47	55	67	58	65	64	81	62	58	68	84	97	110	91	79	114	97	117	86	103	99	87	93	80	81	105	99	91	96	102	91	107	110	105	106	115	121	115	114	
4	0	24	39	32	50	52	43	37	42	35	27	43	32	40	40	49	53	28	51	44	54	43	56	48	37	67	49	62	56	60	97	86	70	64	75	93	81	83	77	94	118	77	101	104	96	138	115	103	114	115	175	160	140	124	141	147	136	127	129	123	150	140	129	148	111	136	123	137	111	151	140	117	118	128	159	223	
)	0	1	4	7	7	7	17	7	7	4	6	4	6	5	3	12	7	7	7	7	7	10	8	7	5	12	9	9	14	16	19	32	22	12	12	25	21	29	11	14	36	24	23	20	29	38	35	39	32	28	59	64	42	54	49	54	56	56	45	43	40	43	51	50	42	49	51	50	42	49	45	65	50	61	31	0	
'	0	0	1	0	2	3	5	1	2	2	1	2	0	1	1	0	2	3	0	3	0	0	0	0	3	4	0	1	3	2	5	8	9	6	7	9	8	8	4	7	7	9	9	16	14	18	12	9	9	23	35	31	27	22	18	26	24	24	16	21	15	16	19	20	22	17	18	18	12	5	22	21	25	15	10	0	
5	402	627	626	545	494	477	466	511	518	482	398	431	461	466	462	430	473	493	468	531	445	482	537	550	548	492	552	554	580	654	571	608	625	673	700	562	665	731	776	753	680	812	777	860	906	737	931	987	1033	1133	1072	1213	1248	1250	1242	1196	1237	1307	1365	1346	1132	1296	1351	1425	1441	1369	1498	1472	1614	1692	1556	1695	1722	1714	1689	2183	
